$SPEC_ID:
No sample description was entered.
$SPEC_REM:
DET# 2
DETDESC# PHY-NUCLAB-02 MCB 129
AP# Maestro Version 7.01
$DATE_MEA:
02/10/2021 10:17:45
$MEAS_TIM:
503 505
$DATA:
0 2047
       0
       0
       0
       0
       0
       0
       0
       0
       0
       0
       0
       0
       0
       0
       0
       0
       0
       0
       0
       0
       0
       0
       0
       0
       0
       0
       0
       0
       0
       0
       0
       0
       0
       0
       0
       0
       0
       0
       0
       0
       0
       0
       0
       0
       0
       0
       0
       0
       0
       0
       0
       0
       0
       0
       0
       0
       0
       0
       0
       0
       0
       0
       0
       0
       0
       0
       0
       0
       0
       0
       0
       0
       0
       0
       0
       0
       0
       0
       0
       0
       0
       0
       0
       0
       0
       0
       0
       0
       0
       0
       0
       0
       0
       0
       0
       0
       0
       0
       0
       0
       0
       0
       0
       0
       0
       0
       0
       0
       0
       0
       0
       0
       0
       0
       0
       0
       0
       0
       0
       0
       0
       0
       0
       0
       0
       0
       0
       0
       0
       0
       0
       0
       0
       0
       0
       0
       0
       0
       0
       0
       0
       0
       0
       0
       0
       0
       4
     668
     691
     683
     733
     720
     708
     688
     719
     714
     638
     731
     679
     697
     683
     684
     748
     700
     681
     731
     671
     681
     671
     706
     668
     679
     661
     665
     688
     677
     698
     687
     686
     638
     645
     703
     685
     628
     677
     676
     673
     624
     603
     658
     628
     637
     621
     615
     628
     617
     623
     592
     593
     631
     565
     558
     592
     562
     556
     579
     564
     570
     563
     551
     524
     552
     520
     527
     519
     513
     505
     467
     511
     468
     466
     514
     459
     453
     491
     467
     454
     454
     473
     470
     430
     447
     482
     429
     461
     449
     438
     389
     434
     427
     405
     392
     429
     436
     381
     393
     403
     404
     410
     378
     328
     369
     369
     372
     341
     390
     358
     361
     393
     356
     375
     340
     355
     338
     351
     347
     322
     340
     324
     322
     357
     345
     343
     330
     348
     316
     354
     344
     322
     305
     314
     315
     325
     317
     313
     289
     305
     288
     286
     304
     293
     291
     321
     290
     300
     294
     325
     251
     270
     280
     297
     274
     257
     286
     280
     276
     267
     300
     272
     271
     286
     265
     287
     294
     265
     260
     255
     231
     271
     251
     263
     244
     225
     220
     202
     242
     228
     217
     231
     188
     239
     219
     202
     179
     210
     192
     183
     178
     185
     206
     179
     150
     166
     164
     163
     171
     140
     172
     140
     155
     163
     144
     151
     161
     159
     164
     153
     140
     167
     137
     113
     152
     144
     140
     138
     135
     130
     153
     148
     146
     128
     141
     157
     144
     157
     115
     118
     121
     139
     121
     138
     130
     117
     128
     131
     113
     136
     111
     125
     130
     125
     124
     132
     128
     127
     127
     130
     133
     100
     119
     127
     112
     120
     133
     121
     129
     128
     134
     128
     116
     132
     126
     130
     128
     148
     149
     113
     118
     121
     118
     131
     105
     125
     116
     133
     132
     138
     134
     121
     107
     134
     151
     113
     128
     111
     112
     136
     135
     125
     106
     130
     142
     123
     121
     143
     138
     124
     133
     128
     144
     132
     162
     170
     160
     173
     164
     188
     199
     205
     218
     252
     251
     262
     275
     315
     305
     372
     352
     417
     412
     479
     495
     505
     549
     569
     615
     683
     742
     721
     760
     844
     855
     861
     892
     908
     899
     903
    1015
     993
    1001
    1000
    1048
    1031
     925
    1013
    1030
     941
     922
     946
     886
     877
     868
     787
     780
     805
     750
     650
     612
     618
     596
     540
     483
     463
     418
     366
     347
     347
     282
     300
     246
     214
     204
     209
     164
     144
     141
     149
     138
     124
     101
      92
     111
      97
      94
      68
      81
      75
      69
      87
      75
      82
      99
      90
      71
      73
      70
      58
      53
      78
      88
      88
      78
      73
      76
      65
      74
      70
      67
      63
      61
      81
      69
      72
      78
      74
      58
      79
      78
      66
      65
      78
      70
      74
      69
      82
      82
      68
      69
      84
      80
      72
      73
      86
      72
      85
      79
      66
      62
      80
      69
      79
      66
      72
      69
      62
      82
      73
      64
      68
      90
      66
      68
      58
      69
      81
      62
      65
      79
      68
      75
      62
      83
      63
      84
      58
      94
      89
      80
      86
      70
      68
      69
      79
      83
      81
      64
      61
      66
      76
      73
      67
      79
      55
      78
      81
      91
      75
      66
      77
      62
      85
      77
      90
      99
      73
      83
      74
      62
      77
      80
      69
      68
      80
      70
      75
      75
      77
      77
      87
      70
      72
      86
      71
      65
      68
      84
      65
      61
      61
      65
      75
      67
      69
      74
      67
      82
      54
      71
      87
      80
      73
      86
      80
      73
      63
      74
      87
      81
      70
      55
      73
      82
      67
      70
      70
      83
      71
      68
      62
      64
      69
      69
      82
      68
      63
      70
      75
      60
      76
      61
      68
      56
      70
      60
      80
      60
      65
      55
      49
      48
      53
      60
      67
      60
      46
      50
      51
      50
      46
      52
      47
      39
      46
      43
      42
      50
      34
      53
      49
      43
      35
      38
      41
      44
      31
      31
      35
      36
      33
      25
      45
      42
      34
      35
      29
      27
      35
      31
      26
      36
      45
      23
      39
      32
      26
      34
      29
      24
      28
      29
      33
      32
      20
      31
      25
      28
      26
      40
      34
      29
      23
      22
      35
      33
      20
      28
      35
      25
      22
      22
      31
      26
      30
      29
      32
      26
      19
      33
      27
      16
      17
      20
      16
      16
      23
      16
      26
      17
      21
      24
      31
      20
      23
      15
      22
      26
      24
      17
      18
      25
      28
      24
      18
      17
      18
      25
      17
      17
      14
      18
      15
      27
      14
      20
      24
      26
      19
      26
      16
      15
      14
      24
      14
      24
      17
      28
      25
      22
      24
      22
      28
      24
      27
      29
      25
      29
      20
      28
      26
      34
      29
      31
      27
      32
      48
      33
      39
      49
      59
      59
      49
      73
      61
      63
      68
      94
      75
      83
     115
     113
      98
      85
     121
     122
     126
     115
     144
     146
     148
     160
     167
     169
     187
     193
     237
     188
     197
     185
     213
     223
     210
     247
     242
     284
     272
     261
     263
     250
     283
     277
     277
     285
     272
     232
     290
     254
     267
     243
     260
     289
     255
     266
     253
     231
     213
     250
     242
     232
     207
     220
     237
     201
     196
     196
     200
     176
     173
     133
     153
     140
     148
     141
     121
     109
      97
     109
      84
      98
      77
      69
      59
      69
      51
      58
      59
      50
      42
      41
      42
      30
      30
      38
      29
      29
      25
      20
      26
      15
      26
      20
      15
      16
      18
      11
      12
      18
      15
      14
      13
      12
      13
      15
      12
       6
      12
      10
      15
      13
      10
       6
       9
      12
      10
       7
      14
      16
       8
       8
      19
      12
      12
      11
       9
      11
       9
       7
      14
      16
       6
      11
      10
       8
      11
      16
       5
       8
      13
       6
       7
      10
       3
      11
       8
      10
       8
      14
      14
       7
       8
      11
      12
      11
       7
       4
       7
       7
       7
       8
      11
       6
      12
      10
       9
       3
      14
       7
       7
       6
       5
      15
       8
      10
       8
       8
       5
       6
       7
       6
      10
       5
      11
       8
      11
      13
      10
       9
       9
      14
       6
      10
       8
      11
       9
       3
      14
      16
       7
       6
      10
       6
       9
       5
       7
      13
      10
       5
       6
       4
       8
      11
       6
      13
       6
       6
       8
       3
      10
       8
       8
       8
       8
      10
       7
       3
       7
       6
       9
       5
       6
       7
       3
       6
       9
       9
       6
       7
       4
       8
       7
       6
       5
       5
      10
       5
      12
      10
       4
       7
       3
       6
       7
       7
       6
       7
       8
       5
       7
      10
       6
      12
       5
       5
      12
       9
       5
       5
      11
       7
       5
       6
       7
       8
       3
       5
       7
       9
      13
       6
       7
       6
       7
       6
       7
       9
       7
       5
       6
      10
       6
      14
       8
       6
       8
       2
       9
       7
       5
      12
       5
       9
       5
       7
       2
       6
       6
       5
       8
       6
       6
       7
       6
       8
       5
       4
       7
      14
      13
       8
       7
      12
       9
      12
       4
      14
       8
      15
       9
       9
      10
      15
      13
       6
      13
       9
      15
      11
      11
       7
      11
      19
      17
       8
      16
      11
      20
      13
      14
      11
      20
      19
      10
      11
      12
      13
      16
      15
      11
      16
      21
      19
      17
      13
      18
      11
      17
      18
      14
      12
      15
      25
      16
      14
      16
      19
      12
      11
      14
      21
      10
      18
       9
      15
      14
      15
       7
      18
      10
      12
      13
      12
      11
      10
      11
      11
      14
       7
      13
      13
      10
      10
       9
      14
      12
      10
       7
       6
       9
      11
       8
       7
       7
       5
       9
       8
       5
       5
       6
      10
       4
       9
       6
       4
      11
       6
       7
       8
       3
       3
       3
       3
       7
       5
       1
       4
       0
       7
       1
       5
       6
       7
       3
       1
       4
       4
       7
       2
       4
       2
       0
       2
       1
       6
       6
       2
       3
       3
       4
       3
       3
       4
       3
       5
       4
       5
       3
       4
       5
       2
       0
       0
       3
       2
       5
       3
       2
       2
       0
       1
       3
       3
       2
       3
       1
       6
       1
       1
       5
       0
       5
       1
       1
       0
       2
       2
       3
       5
       0
       2
       1
       3
       5
       1
       0
       2
       1
       2
       1
       2
       2
       0
       2
       0
       3
       3
       3
       2
       1
       0
       0
       3
       2
       2
       2
       0
       3
       3
       5
       1
       4
       4
       0
       1
       3
       2
       1
       3
       0
       1
       3
       2
       2
       2
       5
       3
       1
       5
       1
       5
       2
       1
       1
       4
       0
       2
       5
       2
       4
       3
       0
       1
       0
       7
       2
       2
       4
       3
       4
       3
       3
       5
       5
       6
       2
       4
       6
       5
       2
       3
       4
       2
       2
       4
       7
       8
       5
       7
       2
       4
       2
       7
       7
       9
       3
       3
       8
       5
       7
       4
      14
       4
       6
      11
       4
       6
      11
      11
      10
       9
      12
      13
       6
      11
       6
       8
      15
       4
       4
       7
       8
      18
      10
      11
      16
      12
      14
      16
      11
      10
      17
      11
      18
      20
      13
      13
      11
       8
      11
       6
       9
      12
      15
       9
      20
      11
      14
       6
       5
       6
      13
      10
       4
       9
       6
      14
      10
       4
       7
       7
      10
       7
       7
       7
       6
      12
       6
       4
       9
       3
       7
       3
       9
       6
       5
       2
       5
       2
       5
       5
       5
       3
       3
       1
       5
       0
       4
       3
       5
       2
       4
       2
       1
       2
       3
       1
       1
       2
       3
       1
       2
       1
       1
       2
       0
       1
       0
       2
       1
       0
       1
       0
       1
       0
       1
       0
       1
       3
       1
       0
       0
       1
       1
       0
       1
       2
       0
       0
       1
       2
       1
       0
       0
       3
       2
       2
       3
       0
       0
       0
       0
       1
       1
       0
       2
       1
       1
       0
       2
       0
       1
       0
       4
       0
       2
       2
       0
       0
       0
       1
       0
       0
       0
       4
       2
       1
       2
       0
       1
       1
       2
       2
       0
       0
       0
       0
       1
       0
       1
       2
       3
       3
       0
       3
       1
       1
       1
       0
       0
       0
       2
       1
       1
       0
       1
       2
       2
       0
       0
       1
       0
       0
       0
       0
       2
       1
       2
       0
       0
       1
       2
       0
       0
       0
       1
       0
       1
       1
       2
       0
       1
       0
       0
       1
       1
       1
       0
       0
       1
       0
       1
       1
       1
       0
       1
       0
       1
       0
       0
       1
       0
       0
       2
       1
       1
       1
       0
       0
       1
       0
       2
       2
       0
       2
       0
       1
       0
       0
       2
       0
       0
       2
       0
       2
       0
       1
       1
       0
       0
       0
       1
       2
       0
       0
       0
       0
       0
       0
       0
       1
       1
       1
       0
       0
       1
       1
       1
       0
       0
       1
       0
       1
       1
       1
       0
       1
       1
       0
       1
       0
       0
       1
       1
       1
       3
       2
       2
       1
       1
       0
       0
       1
       0
       1
       0
       2
       2
       0
       0
       1
       2
       0
       2
       1
       0
       2
       0
       1
       1
       1
       0
       0
       1
       1
       0
       1
       0
       0
       0
       0
       0
       1
       2
       1
       1
       2
       3
       2
       0
       2
       0
       1
       0
       1
       0
       1
       2
       2
       2
       1
       1
       1
       2
       1
       0
       1
       1
       0
       1
       2
       1
       1
       1
       0
       1
       2
       0
       0
       0
       0
       0
       0
       0
       0
       0
       3
       0
       1
       1
       2
       0
       3
       0
       2
       1
       1
       0
       0
       1
       1
       0
       1
       1
       1
       1
       1
       1
       0
       0
       1
       0
       4
       0
       1
       1
       0
       0
       0
       0
       0
       0
       1
       0
       0
       1
       0
       1
       0
       0
       1
       1
       0
       1
       2
       1
       1
       2
       0
       0
       0
       0
       0
       0
       1
       1
       0
       1
       1
       0
       0
       0
       1
       1
       2
       0
       0
       0
       1
       2
       0
       0
       0
       0
       0
       1
       1
       1
       1
       2
       0
       0
       0
       0
       1
       0
       0
       1
       1
       1
       2
       1
       0
       1
       0
       1
       1
       1
       1
       1
       1
       0
       1
       1
       0
       0
       0
       1
       0
       0
       2
       1
       0
       1
       0
       2
       0
       0
       1
       0
       0
       1
       0
       2
       3
       1
       1
       1
       0
       1
       0
       0
       1
       0
       1
       0
       0
       2
       0
       1
       0
       1
       0
       0
       1
       1
       0
       0
       0
       0
       0
       0
       0
       0
       0
       0
       0
       0
       0
       0
       0
       0
       0
       0
       0
       0
       0
       0
       0
       0
       0
       0
       0
       0
       0
       0
       0
       0
       0
       0
       0
$ROI:
1
556 718
$PRESETS:
None
0
0
$ENER_FIT:
-8.215019 1.172043
$MCA_CAL:
3
-8.215019E+000 1.172043E+000 0.000000E+000 keV
$SHAPE_CAL:
3
0.000000E+000 0.000000E+000 0.000000E+000
