$SPEC_ID:
No sample description was entered.
$SPEC_REM:
DET# 2
DETDESC# PHY-NUCLAB-02 MCB 129
AP# Maestro Version 7.01
$DATE_MEA:
02/10/2021 10:08:08
$MEAS_TIM:
488 489
$DATA:
0 2047
       0
       0
       0
       0
       0
       0
       0
       0
       0
       0
       0
       0
       0
       0
       0
       0
       0
       0
       0
       0
       0
       0
       0
       0
       0
       0
       0
       0
       0
       0
       0
       0
       0
       0
       0
       0
       0
       0
       0
       0
       0
       0
       0
       0
       0
       0
       0
       0
       0
       0
       0
       0
       0
       0
       0
       0
       0
       0
       0
       0
       0
       0
       0
       0
       0
       0
       0
       0
       0
       0
       0
       0
       0
       0
       0
       0
       0
       0
       0
       0
       0
       0
       0
       0
       0
       0
       0
       0
       0
       0
       0
       0
       0
       0
       0
       0
       0
       0
       0
       0
       0
       0
       0
       0
       0
       0
       0
       0
       0
       0
       0
       0
       0
       0
       0
       0
       0
       0
       0
       0
       0
       0
       0
       0
       0
       0
       0
       0
       0
       0
       0
       0
       0
       0
       0
       0
       0
       0
       0
       0
       0
       0
       0
       0
       0
       0
       1
     309
     373
     373
     366
     379
     369
     338
     336
     346
     309
     329
     338
     310
     304
     341
     294
     318
     334
     333
     345
     333
     336
     320
     348
     345
     315
     348
     288
     322
     317
     307
     335
     315
     326
     305
     288
     340
     307
     296
     340
     325
     333
     331
     335
     302
     317
     310
     312
     304
     322
     332
     284
     311
     318
     294
     312
     289
     291
     301
     279
     287
     280
     300
     289
     301
     281
     263
     265
     282
     263
     238
     270
     263
     229
     272
     241
     225
     240
     271
     260
     228
     224
     225
     221
     235
     202
     205
     242
     226
     213
     212
     215
     220
     236
     211
     217
     191
     198
     211
     234
     173
     204
     212
     178
     177
     191
     172
     191
     177
     186
     185
     182
     209
     155
     173
     169
     160
     175
     151
     173
     173
     162
     174
     143
     146
     141
     142
     151
     152
     147
     148
     142
     145
     163
     143
     140
     152
     148
     138
     152
     144
     130
     130
     143
     130
     143
     126
     137
     133
     129
     112
     130
     130
     115
     115
     149
     119
     113
     132
     105
     111
     129
     114
      96
     102
     123
     110
     114
     100
     107
     102
      98
      92
     104
     102
      89
     111
     118
     114
      84
     101
      80
     105
      85
      98
     102
      96
     102
      87
     106
     103
      86
     121
     102
     111
      86
      95
      73
      71
      94
      76
      96
      95
      88
     109
      77
     101
      79
      82
      77
      78
      86
      78
      88
      64
      81
      67
      71
      79
      88
      79
      77
      74
      87
      78
      75
      67
      89
      70
      81
      63
      74
      76
      71
      75
      82
      71
      84
      85
      73
      67
      71
      76
      91
      79
      75
      75
      77
      71
      81
      76
      75
      82
      78
      77
      69
      72
      71
      63
      75
      54
      66
      72
      80
      74
      72
      84
      97
      83
      73
      61
      80
      68
      62
      76
      72
      76
      68
      75
      80
      70
      58
      80
      81
      73
      67
      59
      70
      73
      80
      66
      79
      82
      58
      73
      76
      66
      72
      68
      75
      76
      70
      77
      67
      83
      77
      76
      69
      75
      91
      70
      79
      77
      62
      63
      76
      70
      71
      57
      67
      53
      62
      56
      72
      55
      63
      68
      71
      71
      41
      61
      57
      66
      78
      63
      67
      67
      57
      60
      69
      49
      58
      71
      68
      68
      76
      52
      64
      60
      61
      52
      61
      70
      79
      70
      64
      67
      60
      52
      62
      51
      69
      79
      83
      66
      61
      79
      65
      76
      61
      75
      61
      48
      59
      78
      74
      63
      67
      58
      67
      66
      58
      63
      56
      68
      68
      69
      49
      56
      46
      55
      55
      64
      82
      59
      52
      49
      73
      68
      56
      66
      67
      55
      71
      62
      62
      75
      59
      56
      73
      48
      56
      53
      47
      62
      67
      57
      68
      67
      53
      48
      47
      63
      51
      65
      56
      51
      71
      53
      53
      60
      44
      46
      61
      53
      58
      71
      55
      52
      55
      69
      56
      55
      57
      56
      51
      57
      63
      58
      63
      50
      41
      50
      55
      64
      60
      66
      62
      74
      46
      65
      58
      51
      66
      56
      60
      45
      50
      54
      43
      53
      64
      58
      66
      75
      50
      63
      63
      61
      68
      60
      42
      59
      52
      51
      57
      68
      47
      48
      55
      46
      64
      48
      55
      59
      57
      48
      56
      50
      60
      63
      59
      48
      71
      49
      45
      55
      50
      49
      47
      54
      61
      62
      66
      51
      60
      45
      51
      65
      49
      65
      63
      74
      48
      51
      64
      54
      65
      63
      57
      51
      59
      54
      52
      59
      61
      59
      54
      58
      45
      45
      60
      59
      55
      44
      59
      71
      46
      57
      59
      68
      72
      54
      53
      65
      46
      50
      60
      69
      60
      59
      67
      65
      52
      55
      61
      66
      39
      62
      63
      65
      68
      59
      56
      51
      57
      61
      52
      65
      55
      61
      57
      59
      69
      54
      60
      75
      58
      50
      57
      57
      61
      63
      73
      70
      60
      52
      63
      53
      46
      57
      73
      69
      70
      63
      63
      75
      71
      63
      64
      72
      73
      73
      64
      75
      60
      58
      67
      69
      74
      65
      59
      76
      50
      64
      80
      56
      74
      64
      61
      66
      61
      82
      69
      67
      56
      70
      49
      57
      68
      53
      58
      68
      58
      68
      60
      60
      56
      52
      54
      55
      58
      65
      52
      59
      64
      56
      52
      45
      57
      56
      53
      53
      42
      55
      68
      49
      55
      44
      48
      58
      60
      55
      51
      44
      50
      60
      57
      40
      50
      54
      41
      37
      46
      47
      39
      43
      56
      46
      37
      42
      46
      46
      53
      43
      47
      47
      57
      40
      41
      50
      38
      45
      47
      40
      46
      44
      44
      48
      46
      47
      29
      39
      33
      38
      44
      40
      38
      37
      36
      39
      39
      36
      39
      54
      44
      33
      44
      31
      51
      39
      32
      41
      47
      42
      33
      31
      39
      43
      32
      40
      34
      48
      39
      33
      46
      38
      35
      35
      42
      32
      34
      36
      39
      39
      48
      32
      37
      35
      35
      38
      42
      32
      34
      29
      37
      45
      41
      43
      35
      38
      51
      47
      43
      26
      40
      37
      35
      40
      41
      36
      30
      41
      33
      47
      30
      29
      31
      36
      25
      31
      38
      32
      32
      39
      32
      26
      26
      31
      38
      37
      31
      34
      35
      26
      28
      49
      38
      41
      43
      51
      38
      35
      39
      44
      50
      51
      48
      51
      55
      49
      58
      70
      58
      57
      57
      53
      74
      78
      78
      90
      77
      81
      77
      98
      88
     102
     103
     103
     108
     122
     106
     112
     133
     112
     121
     101
     104
     123
     127
     144
     149
     125
     139
     117
     137
     151
     128
     142
     136
     145
     117
     143
     163
     139
     113
     122
     136
     140
     112
     117
     110
     105
     105
     112
     105
     102
      79
      97
      74
     102
      88
      93
      78
      68
      67
      73
      55
      52
      56
      57
      44
      38
      48
      48
      40
      37
      32
      30
      20
      35
      26
      21
      16
      30
      13
      17
      12
      11
      14
       8
       9
      19
      11
      18
      12
      16
      17
       9
      12
      16
      10
      16
      14
      16
       6
      16
      11
       9
      17
       8
      12
      15
      14
      20
      14
      13
       9
      17
      14
      13
      18
      23
      25
      23
      30
      21
      26
      26
      30
      23
      26
      35
      31
      32
      41
      47
      45
      49
      46
      52
      51
      49
      53
      47
      60
      70
      58
      69
      68
      82
      69
      77
      75
      98
      87
      67
      84
     103
      80
     109
     114
     106
     101
      93
      96
     109
     125
     112
     115
      87
     114
     105
     100
      96
     114
     104
     103
     104
      91
      92
     107
      85
     108
     104
      88
      78
      88
      95
      82
      58
      76
      56
      63
      78
      61
      51
      60
      49
      69
      65
      51
      54
      38
      54
      33
      40
      38
      27
      21
      31
      27
      25
      27
      28
      22
      14
      24
      24
      14
      20
      12
      19
      10
      15
      17
      12
       9
       7
      13
      15
       7
       8
       9
      12
       9
       9
      15
       4
       8
       2
       7
       6
       4
       8
       5
       7
       7
      12
      10
      12
       7
      10
      12
       4
      13
      10
       9
      16
       9
      10
      14
       9
      13
      12
       9
      13
      19
      16
      11
       7
      12
      12
      16
      11
      10
      15
      13
      10
      16
      14
      17
       9
      14
      12
      21
      15
      14
      13
      10
      14
      11
      10
       5
      14
       9
       8
       5
      10
      10
       8
       6
       6
      10
       8
       5
       8
       4
      10
       4
       3
       8
       4
       4
       5
       5
       4
       8
       2
       5
       1
       1
       3
       3
       5
       5
       4
       4
       5
       1
       4
       2
       3
       3
       4
       2
       2
       2
       0
       5
       2
       1
       2
       3
       1
       0
       3
       1
       1
       1
       2
       3
       6
       0
       1
       3
       1
       1
       1
       2
       0
       1
       0
       3
       1
       1
       3
       3
       2
       1
       0
       2
       3
       2
       1
       5
       5
       2
       7
       1
       1
       7
       2
       0
       2
       3
       3
       2
       2
       3
       3
       2
       1
       1
       0
       0
       1
       1
       0
       2
       1
       2
       2
       0
       1
       2
       0
       4
       2
       2
       2
       3
       1
       1
       2
       3
       1
       0
       1
       1
       1
       1
       1
       0
       2
       1
       3
       0
       4
       1
       1
       3
       0
       0
       2
       1
       2
       2
       3
       4
       2
       1
       2
       0
       2
       0
       2
       1
       2
       2
       0
       0
       1
       0
       0
       0
       2
       0
       0
       3
       0
       3
       2
       0
       3
       4
       0
       1
       0
       1
       2
       2
       3
       1
       2
       1
       0
       0
       2
       1
       2
       0
       0
       0
       2
       1
       1
       0
       1
       0
       2
       1
       0
       0
       0
       2
       2
       2
       6
       0
       3
       0
       0
       1
       3
       2
       1
       2
       2
       4
       1
       1
       0
       0
       4
       2
       2
       1
       1
       0
       1
       5
       2
       2
       0
       2
       5
       0
       1
       1
       2
       1
       3
       1
       5
       0
       4
       3
       1
       2
       2
       2
       3
       3
       3
       1
       1
       5
       2
       1
       1
       1
       2
       2
       2
       1
       1
       2
       0
       2
       2
       1
       3
       1
       1
       1
       2
       1
       0
       0
       1
       0
       3
       2
       0
       1
       1
       2
       2
       2
       1
       0
       0
       0
       1
       2
       1
       1
       2
       0
       2
       0
       1
       1
       0
       1
       1
       1
       0
       1
       0
       1
       0
       1
       0
       5
       0
       1
       0
       1
       0
       0
       1
       3
       1
       3
       1
       0
       2
       3
       0
       2
       0
       1
       2
       1
       3
       0
       1
       1
       1
       1
       2
       2
       1
       0
       2
       0
       1
       4
       0
       0
       1
       0
       0
       1
       0
       1
       1
       0
       1
       1
       0
       2
       1
       1
       1
       1
       1
       1
       1
       1
       0
       2
       0
       2
       0
       1
       0
       2
       0
       0
       3
       0
       3
       0
       0
       0
       2
       0
       1
       0
       0
       1
       1
       0
       0
       0
       2
       0
       0
       2
       0
       3
       0
       2
       0
       3
       0
       0
       1
       0
       0
       0
       0
       0
       0
       0
       1
       2
       0
       1
       0
       2
       3
       0
       1
       0
       1
       1
       0
       0
       0
       0
       0
       1
       1
       1
       1
       1
       1
       0
       0
       0
       0
       0
       0
       2
       0
       1
       1
       1
       1
       2
       1
       0
       0
       0
       1
       1
       0
       0
       4
       2
       1
       0
       3
       1
       0
       1
       2
       0
       0
       2
       1
       1
       1
       1
       2
       1
       0
       2
       0
       0
       1
       0
       1
       1
       1
       0
       0
       0
       1
       0
       1
       0
       1
       0
       1
       0
       2
       0
       0
       0
       2
       1
       1
       1
       2
       1
       1
       0
       1
       1
       0
       1
       2
       1
       1
       2
       1
       0
       2
       0
       1
       1
       1
       0
       4
       1
       0
       0
       0
       0
       0
       0
       0
       2
       1
       0
       1
       1
       1
       0
       2
       1
       0
       0
       0
       0
       0
       0
       1
       1
       1
       1
       0
       0
       0
       3
       3
       1
       1
       0
       3
       0
       0
       2
       2
       1
       0
       2
       1
       1
       1
       2
       2
       0
       0
       1
       0
       0
       3
       1
       0
       1
       2
       0
       1
       1
       0
       1
       3
       3
       0
       2
       2
       1
       1
       3
       0
       2
       0
       0
       0
       0
       0
       1
       2
       1
       1
       1
       0
       0
       1
       1
       2
       1
       2
       0
       0
       0
       1
       1
       4
       0
       0
       0
       1
       3
       0
       0
       2
       0
       1
       2
       1
       0
       1
       1
       1
       0
       0
       1
       0
       3
       2
       1
       2
       1
       0
       0
       0
       0
       0
       1
       1
       0
       0
       0
       3
       0
       2
       1
       0
       0
       1
       0
       0
       0
       0
       0
       2
       0
       0
       1
       1
       1
       0
       0
       1
       2
       0
       0
       2
       0
       1
       0
       1
       1
       1
       1
       1
       1
       1
       0
       1
       0
       2
       0
       0
       1
       1
       0
       1
       1
       1
       1
       0
       2
       0
       1
       0
       0
       2
       0
       0
       0
       2
       0
       1
       0
       0
       0
       2
       1
       0
       0
       1
       1
       0
       0
       0
       0
       1
       0
       1
       0
       0
       0
       1
       0
       1
       0
       2
       0
       0
       0
       0
       0
       1
       0
       0
       0
       0
       2
       0
       0
       0
       0
       0
       0
       0
       0
       0
       0
       0
       0
       0
       0
       0
       0
       0
       0
       0
       0
       0
       0
       0
       0
       0
       0
       0
       0
       0
       0
       0
       0
       0
       0
       0
$ROI:
1
556 718
$PRESETS:
None
0
0
$ENER_FIT:
-8.215019 1.172043
$MCA_CAL:
3
-8.215019E+000 1.172043E+000 0.000000E+000 keV
$SHAPE_CAL:
3
0.000000E+000 0.000000E+000 0.000000E+000
