$SPEC_ID:
No sample description was entered.
$SPEC_REM:
DET# 2
DETDESC# PHY-NUCLAB-02 MCB 129
AP# Maestro Version 7.01
$DATE_MEA:
02/10/2021 11:29:24
$MEAS_TIM:
198 200
$DATA:
0 2047
       0
       0
       0
       0
       0
       0
       0
       0
       0
       0
       0
       0
       0
       0
       0
       0
       0
       0
       0
       0
       0
       0
       0
       0
       0
       0
       0
       0
       0
       0
       0
       0
       0
       0
       0
       0
       0
       0
       0
       0
       0
       0
       0
       0
       0
       0
       0
       0
       0
       0
       0
       0
       0
       0
       0
       0
       0
       0
       0
       0
       0
       0
       0
       0
       0
       0
       0
       0
       0
       0
       0
       0
       0
       0
       0
       0
       0
       0
       0
       0
       0
       0
       0
       0
       0
       0
       0
       0
       0
       0
       0
       0
       0
       0
       0
       0
       0
       0
       0
       0
       0
       0
       0
       0
       0
       0
       0
       0
       0
       0
       0
       0
       0
       0
       0
       0
       0
       0
       0
       0
       0
       0
       0
       0
       0
       0
       0
       0
       0
       0
       0
       0
       0
       0
       0
       0
       0
       0
       0
       0
       0
       0
       0
       0
       0
       0
       8
     792
     947
     898
     921
     922
     960
    1018
     986
    1024
     965
     929
     972
    1045
     956
     982
     981
    1045
     924
     963
     938
     933
     965
     867
     927
     898
     895
     889
     830
     864
     839
     836
     833
     774
     836
     816
     761
     834
     725
     788
     759
     768
     754
     717
     734
     752
     726
     712
     739
     720
     664
     712
     768
     725
     720
     712
     699
     682
     678
     643
     720
     703
     723
     647
     693
     693
     697
     705
     662
     681
     678
     683
     699
     684
     637
     678
     715
     649
     674
     663
     692
     647
     644
     592
     639
     608
     603
     648
     626
     662
     619
     644
     663
     594
     634
     655
     626
     632
     678
     671
     638
     619
     632
     603
     619
     620
     608
     609
     623
     595
     626
     591
     618
     579
     607
     569
     671
     557
     562
     590
     597
     578
     623
     604
     611
     578
     585
     617
     592
     582
     640
     552
     542
     598
     592
     575
     572
     588
     614
     640
     607
     592
     582
     550
     608
     622
     525
     616
     574
     590
     558
     584
     580
     559
     550
     534
     594
     606
     539
     589
     569
     589
     601
     563
     546
     541
     622
     588
     649
     520
     564
     583
     532
     541
     560
     606
     626
     617
     564
     564
     562
     599
     564
     549
     597
     557
     585
     578
     588
     569
     556
     592
     624
     556
     591
     609
     565
     587
     568
     572
     561
     567
     597
     575
     582
     597
     610
     598
     584
     574
     631
     615
     582
     603
     578
     563
     614
     603
     607
     606
     592
     567
     628
     626
     617
     615
     570
     566
     597
     602
     604
     575
     579
     614
     541
     578
     540
     613
     528
     519
     531
     623
     514
     503
     513
     456
     487
     456
     458
     460
     475
     468
     455
     423
     433
     403
     366
     400
     361
     352
     339
     315
     333
     303
     285
     297
     313
     282
     305
     254
     283
     275
     247
     229
     223
     246
     234
     216
     209
     208
     207
     247
     198
     205
     212
     199
     202
     180
     181
     164
     175
     180
     167
     178
     156
     168
     147
     179
     173
     168
     156
     180
     152
     143
     155
     146
     133
     133
     156
     115
     131
     133
     132
     148
     137
     142
     143
     124
     139
     128
     118
     137
     128
     123
     121
     136
     123
     130
     124
     130
     121
     107
     127
     121
     138
     131
     131
     126
     122
     133
     137
     107
     102
     121
     106
     127
     121
     133
     123
     129
     118
     136
     121
     129
     120
     126
     138
     134
     127
     130
     138
     159
     118
     146
     127
     145
     153
     154
     148
     161
     172
     173
     189
     168
     187
     198
     236
     246
     234
     274
     288
     302
     334
     315
     325
     362
     415
     432
     469
     549
     605
     678
     665
     717
     778
     853
     943
    1012
    1068
    1161
    1237
    1332
    1440
    1538
    1692
    1744
    1809
    1993
    2068
    2199
    2357
    2477
    2602
    2660
    2822
    2861
    2981
    3133
    3181
    3272
    3413
    3401
    3572
    3486
    3592
    3619
    3572
    3678
    3634
    3508
    3591
    3668
    3483
    3448
    3435
    3260
    3268
    3124
    3003
    2873
    2682
    2629
    2522
    2412
    2198
    2092
    1983
    1792
    1704
    1492
    1425
    1231
    1219
    1103
     979
     948
     764
     705
     623
     573
     493
     424
     400
     302
     305
     238
     223
     199
     170
     156
     124
      86
      74
      90
      59
      51
      43
      40
      26
      33
      34
      23
      28
      18
      15
      17
      21
      14
       8
      17
      18
      10
      16
      10
      14
      15
      11
      10
      13
      16
       6
      11
      10
      14
      15
      14
      15
      16
      16
       8
      15
      12
       9
      16
       8
       9
      11
       8
       5
      10
      15
      11
       9
      15
       8
      10
      16
       7
       6
       7
      11
      13
      11
      10
       8
       9
      18
      13
       9
      11
       5
       6
      14
       6
       7
       9
      10
       9
       7
      10
      12
       7
      14
      13
      11
      12
      13
       7
       6
       9
       7
      11
       6
      10
       8
       6
       7
      13
       7
       4
      16
      10
      13
      10
       9
      11
       9
       5
      11
       9
      16
       8
       8
       7
       5
       3
       8
      11
       6
       4
       7
       8
       8
       9
       7
       9
       9
      11
      12
      12
       4
       5
      15
       5
       5
       8
       8
       6
       6
       8
       7
       7
       5
       9
       7
       5
      10
       9
      14
      12
      11
       8
       4
      10
       8
       3
       7
       5
       4
       8
       8
      10
      15
       4
       3
      11
       7
       9
       7
       8
      13
       9
       7
       5
       7
      11
      12
      11
       9
       9
       5
       2
       7
       7
       6
      12
       3
       6
       5
       1
       4
       6
       5
      10
       5
       7
      10
       6
       5
       8
       9
       6
       5
       8
       9
       8
       4
       5
       4
       6
       7
       9
       6
       8
      13
       6
       6
       6
       4
       6
       3
       9
      10
       4
       6
       4
       5
       2
       7
       7
       8
       9
       3
       5
       6
       5
       4
       7
       5
       0
       2
       6
       2
       4
       5
       6
       6
       8
       5
       6
       9
       9
       4
       3
       6
       6
       6
       5
       7
       5
       5
       9
       5
       4
       2
       8
       3
       6
       3
       9
       6
       6
       2
       3
       3
       3
       2
       5
       8
       8
       4
       4
       5
       2
       7
       8
       3
       0
      10
       4
       4
       3
       8
       7
       4
       5
       2
       3
       3
       3
       4
       3
       3
       4
       6
       3
       9
       3
       5
       7
       3
       5
       8
       6
       2
       3
       6
       9
       8
       3
       5
       7
       3
       1
       5
       3
       3
       7
       2
       5
       6
       6
       6
       7
       4
       4
       8
       7
       8
      12
       5
       6
       2
       4
       5
       3
       8
       1
       4
       5
       5
       1
       8
       5
       2
       7
       8
       2
       4
       6
       4
       9
       3
       4
       6
       2
       7
       1
       3
       8
       5
       8
       2
       2
       3
       3
       2
       2
       5
       0
       3
       6
       7
       5
       1
       4
       4
       4
       5
       6
       2
       7
       7
       2
       3
       4
       3
       5
       3
       2
       3
       3
       5
       3
       9
       5
       2
       6
       4
       2
       3
       5
       2
       2
       2
       3
       3
       5
       3
       3
       3
       5
       1
       5
       3
       2
       1
       8
       3
       5
       5
       5
       4
       2
       3
       4
       3
       6
       5
       0
       3
       3
       3
       3
       2
       4
       2
       3
       1
       5
       2
       4
       7
       2
       0
       6
       8
       5
       5
       2
       2
       5
       2
       0
       3
       2
       1
       3
       1
       6
       3
       3
       1
       3
       1
       4
       5
       5
       3
       4
       3
       2
       5
       3
       3
       0
       5
       3
       0
       2
       5
       3
       5
       5
       2
       1
       3
       0
       2
       3
       5
       1
       0
       3
       2
       1
       2
       2
       5
       0
       3
       4
       1
       2
       3
       3
       1
       5
       2
       2
       5
       2
       2
       2
       3
       1
       4
       3
       5
       3
       2
       0
       3
       3
       0
       4
       2
       2
       3
       5
       4
       2
       3
       3
       2
       2
       5
       2
       1
       4
       2
       2
       4
       3
       5
       2
       3
       1
       4
       3
       1
       3
       4
       3
       5
       1
       3
       2
       3
       2
       1
       3
       0
       3
       1
       5
       1
       3
       1
       1
       3
       3
       2
       1
       2
       4
       3
       1
       2
       6
       3
       2
       3
       6
       1
       3
       3
       3
       1
       5
       7
       6
       2
       3
       5
       8
       7
       2
       7
       2
       2
       7
       2
       2
       3
       5
       4
       5
       2
       6
       7
       6
       6
       6
       5
       4
       4
       6
       8
      10
       5
       3
       5
       7
       7
       8
       8
       7
       8
       9
       9
       4
       4
       6
       4
       8
       6
      10
       6
       3
       9
       4
       3
       5
       8
       2
       3
       3
       5
       2
       5
       9
       4
       4
       2
       3
       1
       2
       2
       3
       3
       1
       4
       0
       4
       3
       2
       6
       1
       1
       0
       1
       1
       2
       1
       3
       1
       0
       1
       2
       2
       3
       0
       1
       0
       0
       0
       2
       2
       3
       2
       1
       1
       0
       1
       0
       4
       0
       0
       0
       2
       3
       0
       1
       1
       0
       1
       0
       0
       1
       1
       0
       0
       2
       0
       1
       4
       0
       1
       1
       1
       2
       2
       2
       0
       0
       0
       1
       0
       1
       1
       1
       1
       0
       0
       3
       0
       0
       0
       2
       4
       0
       1
       1
       1
       0
       1
       2
       1
       0
       0
       0
       3
       2
       1
       2
       1
       0
       0
       1
       2
       1
       1
       0
       0
       1
       2
       1
       1
       0
       0
       0
       1
       1
       1
       0
       0
       1
       0
       0
       1
       0
       0
       3
       0
       1
       0
       0
       1
       1
       2
       0
       1
       1
       0
       1
       0
       1
       1
       0
       0
       0
       1
       0
       1
       1
       0
       2
       1
       1
       0
       0
       1
       0
       0
       0
       1
       0
       1
       1
       0
       0
       0
       1
       1
       0
       0
       0
       0
       1
       1
       0
       0
       0
       1
       0
       0
       1
       1
       0
       1
       1
       1
       1
       0
       0
       1
       1
       1
       0
       0
       0
       1
       0
       0
       2
       1
       1
       2
       1
       0
       2
       2
       1
       0
       1
       3
       0
       2
       1
       1
       1
       0
       1
       0
       0
       1
       1
       2
       1
       0
       2
       2
       1
       0
       0
       2
       1
       1
       0
       0
       0
       0
       0
       0
       1
       2
       0
       1
       1
       2
       2
       0
       1
       0
       1
       1
       0
       1
       0
       0
       0
       1
       1
       2
       2
       0
       0
       1
       0
       1
       0
       0
       2
       0
       0
       0
       0
       1
       0
       1
       0
       1
       0
       0
       0
       0
       2
       0
       0
       0
       0
       1
       0
       1
       2
       1
       0
       2
       0
       0
       0
       0
       0
       0
       0
       0
       0
       0
       0
       0
       0
       0
       0
       0
       2
       0
       0
       1
       0
       1
       0
       0
       1
       0
       0
       0
       0
       0
       0
       0
       0
       0
       0
       0
       2
       0
       0
       1
       0
       0
       0
       0
       0
       2
       3
       0
       0
       0
       0
       1
       0
       0
       0
       0
       0
       1
       1
       0
       1
       0
       0
       0
       0
       0
       0
       2
       0
       0
       0
       0
       0
       0
       0
       0
       0
       0
       0
       0
       1
       0
       1
       0
       0
       1
       0
       0
       1
       0
       0
       0
       2
       0
       0
       0
       1
       1
       0
       0
       0
       0
       1
       0
       0
       0
       0
       0
       0
       0
       0
       0
       0
       0
       0
       2
       1
       2
       0
       0
       1
       1
       0
       0
       1
       0
       1
       2
       0
       0
       0
       0
       0
       0
       0
       0
       0
       0
       0
       0
       0
       0
       0
       1
       0
       0
       1
       1
       0
       0
       1
       0
       1
       0
       0
       0
       0
       0
       0
       0
       0
       0
       0
       1
       0
       0
       0
       0
       2
       0
       1
       0
       0
       0
       0
       0
       0
       1
       0
       0
       0
       1
       0
       0
       1
       0
       1
       0
       0
       1
       0
       0
       0
       0
       0
       0
       0
       0
       0
       1
       0
       1
       0
       0
       0
       0
       0
       0
       0
       3
       0
       1
       1
       0
       0
       0
       0
       0
       1
       0
       1
       0
       0
       0
       1
       2
       2
       0
       0
       0
       1
       0
       1
       0
       1
       1
       0
       1
       0
       0
       1
       0
       1
       0
       1
       0
       0
       0
       0
       2
       0
       1
       0
       1
       1
       0
       0
       0
       2
       0
       1
       0
       0
       2
       1
       0
       1
       0
       0
       1
       0
       0
       1
       1
       0
       0
       2
       0
       1
       0
       0
       0
       0
       1
       0
       0
       0
       1
       0
       0
       0
       0
       1
       0
       1
       1
       0
       0
       0
       0
       1
       0
       0
       0
       2
       1
       0
       0
       0
       0
       0
       0
       0
       3
       1
       2
       0
       1
       1
       0
       1
       0
       0
       0
       0
       0
       0
       0
       1
       0
       0
       1
       0
       0
       0
       0
       0
       0
       0
       0
       1
       0
       1
       0
       0
       0
       0
       0
       0
       1
       1
       2
       1
       0
       0
       1
       0
       0
       0
       0
       2
       0
       0
       0
       0
       0
       2
       0
       1
       0
       0
       4
       0
       1
       1
       0
       0
       1
       0
       1
       0
       0
       0
       1
       0
       1
       0
       0
       0
       0
       0
       0
       1
       0
       0
       1
       0
       0
       0
       1
       1
       0
       0
       0
       1
       0
       1
       0
       0
       0
       0
       0
       0
       1
       0
       0
       0
       1
       0
       1
       0
       1
       0
       1
       0
       0
       0
       0
       0
       1
       0
       0
       0
       0
       0
       0
       0
       0
       0
       0
       0
       0
       0
       0
       0
       0
       0
       0
       0
       0
       0
       0
       0
       0
       0
       0
       0
       0
       0
       0
       0
       0
       0
       0
       0
       0
       0
       0
       0
       0
       0
       0
       0
$ROI:
0
$PRESETS:
None
0
0
$ENER_FIT:
-8.215019 1.172043
$MCA_CAL:
3
-8.215019E+000 1.172043E+000 0.000000E+000 keV
$SHAPE_CAL:
3
0.000000E+000 0.000000E+000 0.000000E+000
