$SPEC_ID:
No sample description was entered.
$SPEC_REM:
DET# 2
DETDESC# PHY-NUCLAB-02 MCB 129
AP# Maestro Version 7.01
$DATE_MEA:
02/10/2021 10:56:30
$MEAS_TIM:
198 201
$DATA:
0 2047
       0
       0
       0
       0
       0
       0
       0
       0
       0
       0
       0
       0
       0
       0
       0
       0
       0
       0
       0
       0
       0
       0
       0
       0
       0
       0
       0
       0
       0
       0
       0
       0
       0
       0
       0
       0
       0
       0
       0
       0
       0
       0
       0
       0
       0
       0
       0
       0
       0
       0
       0
       0
       0
       0
       0
       0
       0
       0
       0
       0
       0
       0
       0
       0
       0
       0
       0
       0
       0
       0
       0
       0
       0
       0
       0
       0
       0
       0
       0
       0
       0
       0
       0
       0
       0
       0
       0
       0
       0
       0
       0
       0
       0
       0
       0
       0
       0
       0
       0
       0
       0
       0
       0
       0
       0
       0
       0
       0
       0
       0
       0
       0
       0
       0
       0
       0
       0
       0
       0
       0
       0
       0
       0
       0
       0
       0
       0
       0
       0
       0
       0
       0
       0
       0
       0
       0
       0
       0
       0
       0
       0
       0
       0
       0
       0
       1
       7
     778
     855
     878
     880
     934
     917
     931
     923
     902
     968
     964
     962
     942
     937
     965
     875
     912
     983
     951
     926
     945
     912
     879
     888
     888
     896
     811
     871
     826
     829
     867
     826
     809
     813
     722
     796
     744
     788
     698
     751
     699
     703
     694
     705
     727
     709
     698
     712
     696
     699
     637
     665
     674
     657
     654
     746
     662
     714
     664
     701
     655
     671
     695
     644
     659
     681
     640
     655
     614
     632
     649
     603
     698
     637
     644
     664
     636
     657
     615
     657
     645
     656
     606
     629
     640
     657
     623
     578
     634
     669
     611
     661
     576
     590
     611
     624
     608
     557
     622
     604
     593
     628
     629
     600
     579
     620
     550
     560
     603
     604
     581
     654
     525
     613
     606
     587
     586
     621
     597
     566
     543
     587
     613
     600
     583
     549
     545
     558
     533
     575
     612
     571
     627
     598
     606
     550
     598
     607
     550
     579
     587
     566
     598
     592
     583
     575
     573
     571
     579
     543
     586
     580
     562
     575
     566
     560
     533
     560
     556
     561
     591
     590
     593
     539
     610
     563
     550
     583
     591
     564
     565
     570
     521
     588
     561
     516
     572
     537
     573
     597
     556
     576
     586
     580
     589
     537
     618
     583
     590
     627
     570
     565
     579
     607
     556
     555
     581
     583
     565
     614
     571
     617
     621
     567
     536
     551
     595
     563
     563
     673
     611
     588
     541
     574
     588
     602
     604
     604
     569
     595
     566
     603
     567
     589
     592
     556
     600
     593
     586
     567
     577
     608
     590
     553
     605
     565
     528
     580
     514
     566
     513
     510
     489
     505
     476
     497
     473
     442
     413
     437
     425
     412
     421
     436
     387
     386
     383
     367
     353
     331
     326
     302
     308
     302
     331
     287
     240
     269
     249
     255
     236
     236
     226
     234
     186
     223
     255
     191
     203
     204
     200
     213
     205
     171
     182
     192
     192
     184
     151
     159
     151
     139
     162
     154
     168
     131
     164
     172
     182
     166
     139
     126
     144
     129
     151
     137
     138
     118
     124
     145
     148
     125
     155
     139
     143
     134
     113
     151
     124
     141
     145
     137
     122
     113
     107
     115
     126
     142
     125
     129
     106
     113
     114
     109
     133
     121
     130
     143
     108
     111
     112
     117
     125
     109
     123
     100
     104
     124
     128
     127
     134
     121
     123
     137
     154
     133
     134
     129
     112
     149
     120
     134
     147
     135
     178
     155
     167
     170
     152
     163
     155
     185
     176
     186
     175
     231
     207
     231
     272
     271
     302
     306
     326
     355
     378
     455
     448
     494
     545
     623
     649
     735
     761
     797
     891
     909
    1073
    1149
    1214
    1313
    1392
    1446
    1613
    1672
    1877
    1986
    2009
    2253
    2273
    2330
    2472
    2767
    2781
    2930
    2952
    3171
    3249
    3182
    3405
    3573
    3475
    3625
    3613
    3584
    3644
    3732
    3695
    3753
    3596
    3703
    3638
    3493
    3409
    3396
    3281
    3233
    3153
    3002
    2832
    2696
    2642
    2432
    2279
    2226
    2043
    1975
    1761
    1635
    1462
    1401
    1192
    1136
    1075
     957
     855
     732
     609
     619
     514
     471
     406
     365
     315
     274
     252
     187
     167
     147
     123
     116
      95
      71
      75
      48
      49
      42
      49
      39
      27
      18
      23
      28
      18
      22
      14
      19
      12
      10
      17
      10
      12
      12
       7
       8
       7
       9
      13
      12
       8
      10
       8
      10
      12
       9
      10
      10
      10
      11
       6
       7
      10
       5
      11
      13
      11
      10
      14
      10
      12
      19
       8
      12
       8
       5
       5
      14
      14
       8
       8
      14
       7
       5
      19
      10
       9
       5
      11
      15
      12
      10
       6
      11
      11
       7
      10
       9
       5
       7
       6
      13
       7
       7
      13
      12
       7
      11
      15
       9
      11
      10
       8
       9
       8
      14
      10
       9
      10
       5
       8
       5
      13
      10
       4
      10
      11
       7
      12
      10
       6
       7
      11
       5
       9
       5
      10
       4
      10
      11
       8
       7
      11
      10
       8
      10
       7
      13
      10
      10
      10
       7
      13
       3
      12
       6
      11
       7
       9
       4
       6
      12
       9
      15
      12
       6
      12
       8
      10
       6
      17
      15
       7
      11
       7
       7
       5
      15
       8
       4
      15
      13
      10
       7
       7
       4
       9
       2
       9
      11
       8
       8
       4
       6
      12
       8
      12
       8
       8
       7
      10
       8
      12
      11
       9
       6
       7
       6
       8
      13
       9
       2
       4
      12
       7
       5
       9
       9
       8
       7
      11
       7
       7
       6
       6
       8
       4
       4
      12
      10
       7
       9
       8
       5
       7
       6
      10
       8
       8
      13
       8
       9
       9
      11
       7
       4
       7
       7
       5
       6
       7
       4
       9
       5
      10
       2
       4
       7
       7
       6
       7
       7
       6
       5
       8
       7
       7
       4
       6
       6
       7
       7
       8
       5
       5
       9
       8
       2
       8
      12
      11
       9
       1
       5
       9
       3
       4
       8
       8
       5
       3
       3
       1
       4
       5
       5
       4
       7
       5
       6
       6
       2
       3
       5
       9
       4
       6
       7
       8
       1
       8
       6
       8
       6
       5
       0
       6
       4
       8
       5
       2
       3
       1
      10
       4
       8
       3
       4
       1
       3
       7
       5
       5
       3
       5
       7
       4
       3
       8
       7
       6
       2
       7
       5
       8
       7
       2
       4
       4
      10
       5
       3
       2
       9
       6
       6
       8
       2
       6
       8
       5
       6
       6
       4
       4
       8
       5
       7
       2
       3
       5
       3
       7
       7
      10
       5
       7
       5
       1
       6
       4
      10
       2
       6
       6
       4
       8
       8
       3
       5
       6
       4
      10
       2
       5
       5
       0
       4
       3
       6
       3
       4
       6
       6
       2
       4
       7
       5
       1
       6
       4
       8
       5
       3
       3
       3
       2
       2
       5
       5
       3
       2
       6
       3
       4
       3
       3
       4
       1
       7
       3
       7
       6
       3
       3
       3
       7
       2
       3
       1
       4
       3
       3
       0
       2
       6
       3
       2
       5
       2
       2
       4
       3
       5
       3
       7
       4
       0
       2
       4
       2
       4
       4
       2
       3
       3
       3
       7
       3
       7
       1
       3
       2
       0
       2
       1
       4
       1
       1
       1
       4
       5
       3
       3
       4
       2
       6
       3
       2
       3
       2
       8
       2
       3
       1
       4
       4
       3
       5
       4
       4
       0
       4
       1
       6
       2
       1
       2
       1
       5
       1
       4
       3
       5
       3
       3
       2
       0
       1
       2
       1
       3
       3
       3
       4
       4
       1
       5
       0
       5
       0
       3
       4
       0
       3
       0
       5
       3
       3
       4
       2
       0
       0
       4
       2
       3
       3
       6
       5
       5
       2
       1
       2
       4
       3
       2
       4
       4
       5
       7
       3
       3
       1
       0
       0
       5
       5
       3
       2
       3
       1
       5
       6
       3
       1
       6
       3
       1
       2
       3
       0
       2
       5
       1
       4
       0
       3
       4
       0
       3
       2
       2
       3
       0
       3
       4
       2
       6
       2
       1
       1
       2
       2
       4
       2
       5
       2
       2
       3
       2
       1
       4
       2
       3
       2
       5
       5
       2
       4
       1
       2
       4
       5
       3
       6
       4
       3
       7
       5
       1
       1
       5
       3
       4
       7
       9
       7
       8
       5
       4
      10
       1
       8
       3
       2
       3
       5
       7
       6
       8
       2
       8
       7
       9
       7
       6
       6
       6
       6
       6
       8
       9
       4
       8
       6
       6
       5
       3
       7
       5
       7
       6
       5
       5
       5
       7
       3
       9
       9
       5
       4
       4
       3
       4
       1
       1
       0
       8
       1
       2
       7
       4
       2
       2
       4
       2
       5
       3
       5
       5
       3
       1
       4
       2
       0
       4
       0
       0
       3
       3
       3
       0
       1
       1
       1
       0
       1
       1
       1
       1
       1
       1
       0
       1
       2
       0
       0
       0
       0
       1
       0
       1
       3
       1
       2
       0
       2
       0
       1
       1
       1
       1
       2
       0
       1
       2
       0
       1
       1
       1
       4
       1
       2
       1
       0
       0
       0
       1
       2
       0
       0
       3
       0
       1
       2
       1
       2
       1
       0
       1
       0
       0
       0
       1
       0
       1
       0
       0
       2
       0
       0
       0
       0
       0
       1
       2
       2
       1
       0
       0
       0
       1
       0
       0
       0
       4
       0
       0
       0
       2
       0
       0
       2
       0
       1
       0
       3
       0
       0
       1
       2
       1
       0
       0
       0
       0
       1
       0
       0
       1
       0
       0
       1
       1
       0
       0
       0
       0
       0
       1
       0
       1
       1
       1
       0
       2
       1
       0
       0
       0
       1
       1
       1
       2
       0
       2
       0
       4
       1
       0
       1
       0
       0
       0
       1
       0
       2
       0
       1
       1
       0
       0
       2
       1
       1
       0
       1
       1
       1
       0
       2
       1
       0
       0
       1
       0
       0
       1
       1
       1
       1
       1
       0
       2
       2
       3
       0
       1
       0
       1
       2
       0
       1
       0
       1
       0
       1
       1
       0
       2
       2
       1
       1
       0
       0
       0
       0
       0
       1
       1
       0
       2
       1
       0
       1
       0
       1
       0
       0
       0
       1
       1
       0
       0
       2
       1
       1
       0
       1
       1
       0
       2
       1
       1
       1
       0
       0
       0
       0
       1
       2
       2
       0
       0
       2
       0
       0
       0
       0
       0
       1
       0
       0
       0
       1
       0
       0
       0
       0
       2
       1
       0
       0
       0
       0
       0
       0
       0
       0
       1
       0
       1
       0
       0
       0
       0
       0
       0
       0
       1
       0
       1
       0
       1
       0
       1
       0
       0
       0
       0
       0
       0
       1
       2
       2
       0
       0
       0
       1
       1
       0
       0
       0
       0
       0
       0
       0
       1
       1
       0
       1
       0
       1
       1
       0
       4
       0
       1
       1
       1
       0
       0
       0
       1
       0
       0
       4
       0
       2
       0
       0
       2
       2
       0
       0
       0
       0
       1
       0
       0
       0
       0
       0
       0
       1
       2
       0
       0
       1
       0
       0
       0
       1
       0
       0
       0
       1
       0
       0
       0
       1
       2
       1
       0
       1
       1
       0
       0
       0
       0
       0
       0
       0
       1
       0
       0
       0
       0
       2
       0
       0
       0
       0
       0
       2
       1
       0
       0
       0
       1
       0
       0
       1
       0
       0
       2
       0
       0
       0
       0
       0
       0
       0
       0
       0
       0
       0
       0
       0
       0
       3
       1
       0
       3
       1
       0
       0
       0
       0
       0
       0
       0
       0
       0
       0
       1
       0
       1
       1
       0
       1
       0
       0
       0
       0
       1
       0
       0
       0
       0
       1
       0
       0
       0
       1
       0
       1
       0
       1
       0
       1
       0
       1
       0
       0
       0
       0
       0
       0
       0
       0
       0
       0
       1
       0
       1
       0
       0
       0
       1
       1
       1
       0
       1
       0
       2
       0
       0
       0
       0
       0
       2
       0
       0
       1
       2
       0
       1
       0
       1
       1
       0
       0
       0
       0
       1
       0
       0
       0
       1
       0
       0
       0
       0
       1
       0
       1
       0
       1
       0
       0
       2
       0
       0
       1
       0
       1
       0
       0
       2
       0
       0
       0
       2
       1
       0
       0
       1
       1
       0
       1
       1
       0
       0
       1
       0
       0
       0
       0
       0
       0
       0
       0
       2
       0
       2
       0
       1
       1
       0
       0
       0
       1
       0
       0
       0
       1
       0
       0
       1
       0
       0
       1
       0
       2
       0
       1
       0
       1
       1
       0
       0
       0
       0
       0
       1
       2
       0
       0
       1
       0
       0
       0
       0
       0
       0
       1
       0
       0
       0
       1
       0
       0
       0
       1
       0
       0
       0
       1
       1
       0
       1
       0
       0
       0
       0
       0
       0
       0
       0
       1
       0
       0
       0
       1
       1
       0
       0
       0
       0
       1
       1
       0
       0
       1
       0
       1
       0
       1
       1
       0
       0
       1
       0
       1
       0
       0
       0
       0
       0
       1
       0
       0
       1
       0
       0
       0
       0
       0
       0
       1
       0
       0
       0
       0
       0
       0
       1
       0
       0
       0
       0
       0
       0
       0
       1
       0
       1
       0
       1
       0
       0
       1
       0
       0
       1
       1
       0
       0
       0
       0
       1
       1
       0
       0
       0
       0
       0
       1
       0
       0
       0
       0
       1
       0
       0
       0
       0
       0
       1
       0
       0
       0
       0
       0
       0
       0
       0
       0
       0
       0
       0
       0
       0
       0
       0
       0
       0
       0
       0
       0
       0
       0
       0
       0
       0
       0
       0
       0
       0
       0
       0
       0
       0
       0
       0
       0
       0
       0
       0
       0
       0
       0
       0
       0
       0
       0
       0
       0
       0
       0
       0
       0
$ROI:
0
$PRESETS:
None
0
0
$ENER_FIT:
-8.215019 1.172043
$MCA_CAL:
3
-8.215019E+000 1.172043E+000 0.000000E+000 keV
$SHAPE_CAL:
3
0.000000E+000 0.000000E+000 0.000000E+000
