$SPEC_ID:
No sample description was entered.
$SPEC_REM:
DET# 2
DETDESC# PHY-NUCLAB-02 MCB 129
AP# Maestro Version 7.01
$DATE_MEA:
02/10/2021 11:42:51
$MEAS_TIM:
197 200
$DATA:
0 2047
       0
       0
       0
       0
       0
       0
       0
       0
       0
       0
       0
       0
       0
       0
       0
       0
       0
       0
       0
       0
       0
       0
       0
       0
       0
       0
       0
       0
       0
       0
       0
       0
       0
       0
       0
       0
       0
       0
       0
       0
       0
       0
       0
       0
       0
       0
       0
       0
       0
       0
       0
       0
       0
       0
       0
       0
       0
       0
       0
       0
       0
       0
       0
       0
       0
       0
       0
       0
       0
       0
       0
       0
       0
       0
       0
       0
       0
       0
       0
       0
       0
       0
       0
       0
       0
       0
       0
       0
       0
       0
       0
       0
       0
       0
       0
       0
       0
       0
       0
       0
       0
       0
       0
       0
       0
       0
       0
       0
       0
       0
       0
       0
       0
       0
       0
       0
       0
       0
       0
       0
       0
       0
       0
       0
       0
       0
       0
       0
       0
       0
       0
       0
       0
       0
       0
       0
       0
       0
       0
       0
       0
       0
       0
       0
       0
       0
      11
     919
    1092
    1108
    1139
    1147
    1148
    1149
    1182
    1190
    1207
    1217
    1191
    1201
    1176
    1241
    1240
    1198
    1189
    1218
    1180
    1149
    1189
    1113
    1170
    1112
    1111
    1087
    1082
    1077
    1065
    1072
    1028
    1013
     998
     982
     984
    1038
     990
    1007
     960
     942
     955
     979
     911
     960
     967
     911
     949
     912
     913
     884
     921
     867
     890
     917
     890
     897
     843
     866
     849
     849
     872
     822
     844
     883
     775
     836
     874
     895
     868
     862
     829
     847
     861
     842
     877
     899
     842
     785
     843
     798
     784
     869
     849
     854
     799
     784
     816
     817
     796
     829
     804
     762
     832
     832
     777
     832
     822
     780
     784
     788
     776
     762
     808
     789
     745
     839
     803
     799
     785
     766
     725
     776
     785
     758
     769
     767
     788
     804
     746
     766
     737
     733
     775
     712
     821
     787
     765
     741
     727
     770
     806
     743
     761
     735
     802
     719
     810
     766
     751
     797
     693
     744
     811
     711
     804
     754
     760
     778
     730
     770
     716
     731
     747
     756
     785
     776
     818
     727
     748
     719
     806
     774
     749
     766
     730
     734
     742
     742
     735
     721
     743
     762
     756
     705
     775
     747
     755
     720
     744
     764
     738
     712
     805
     728
     749
     748
     790
     706
     739
     755
     769
     762
     786
     795
     746
     792
     801
     798
     744
     748
     767
     747
     769
     776
     777
     749
     781
     810
     786
     739
     788
     855
     760
     793
     800
     795
     793
     741
     736
     731
     748
     757
     785
     814
     737
     795
     773
     784
     768
     711
     793
     709
     770
     773
     721
     721
     747
     701
     753
     677
     696
     627
     735
     630
     655
     663
     634
     638
     584
     598
     613
     552
     534
     522
     536
     560
     483
     462
     482
     456
     422
     426
     416
     400
     407
     336
     356
     412
     352
     356
     327
     319
     300
     322
     325
     289
     294
     277
     313
     261
     272
     266
     244
     231
     271
     230
     268
     246
     199
     228
     243
     208
     210
     230
     240
     223
     222
     211
     223
     250
     237
     195
     178
     208
     214
     184
     205
     201
     185
     184
     175
     190
     172
     190
     178
     167
     174
     155
     162
     171
     164
     166
     168
     158
     162
     159
     195
     165
     169
     158
     151
     159
     158
     140
     203
     176
     156
     144
     153
     176
     171
     170
     172
     152
     173
     147
     153
     168
     172
     166
     194
     165
     146
     169
     179
     163
     140
     158
     137
     186
     195
     180
     193
     175
     174
     177
     220
     193
     195
     221
     230
     202
     251
     263
     261
     269
     314
     315
     341
     337
     440
     406
     473
     489
     548
     558
     602
     676
     732
     769
     864
     931
    1020
    1103
    1190
    1248
    1304
    1497
    1559
    1723
    1877
    1927
    2055
    2234
    2375
    2469
    2748
    2847
    2954
    3090
    3320
    3503
    3635
    3774
    3799
    4071
    4223
    4315
    4394
    4540
    4628
    4606
    4640
    4831
    4890
    4912
    4631
    4903
    4819
    4729
    4714
    4672
    4481
    4656
    4316
    4175
    4081
    3880
    3822
    3659
    3514
    3145
    3091
    2947
    2700
    2606
    2312
    2217
    1937
    1890
    1706
    1576
    1377
    1278
    1138
    1027
     970
     815
     738
     660
     538
     468
     454
     372
     327
     309
     252
     193
     174
     114
     130
     112
      84
      71
      67
      52
      45
      38
      30
      31
      39
      26
      23
      20
      20
      19
      17
      13
      18
      19
      18
      23
      12
      20
      17
      13
      11
      21
      21
      26
      17
      18
      10
      14
      15
      11
      18
      14
       8
       8
      12
      17
       7
       8
      18
      12
      14
      16
      10
      11
       9
      10
      13
      15
      16
      12
      11
      13
       8
       9
      19
       9
      11
      10
      25
      14
      13
       9
      16
      12
      13
      12
      13
      10
      15
       9
      10
      15
      12
       8
      13
       6
      10
      14
      14
      11
      19
      10
      18
      13
      14
      13
      14
      11
      10
      10
      12
      13
       9
      10
      10
      14
       9
      13
       9
      16
      10
      11
      13
      12
      10
      20
       9
       9
      10
       8
       9
      11
      13
      11
      11
       8
      14
      13
       8
      11
      20
      13
      12
       9
      15
      16
      12
      10
      12
      11
       9
      11
       7
       4
       9
      11
       7
      10
       5
       6
      10
      11
       7
       9
       9
       6
      15
       7
      12
       9
       8
      12
      10
      15
      12
      10
      12
      15
      12
      12
      13
       5
      10
       9
      11
       6
       7
      14
       4
      10
       7
       9
      15
      11
       5
      10
       9
       7
       8
      13
       8
      10
       6
      14
       9
      10
       6
      13
       6
       7
       9
       5
      16
       7
       8
       7
      13
      13
       4
       7
       6
       6
       5
       9
      10
       4
      13
      12
       9
      10
      10
       9
      10
       5
      10
       7
       4
       9
       7
      15
      11
       8
       7
       9
       5
       4
       8
       7
       7
       4
       3
       9
       3
       8
       7
       9
       8
       5
       8
       7
      11
       6
       8
      14
       7
       6
       8
       5
       8
       2
       8
       6
      11
       5
       9
       5
       8
       6
       7
       8
       4
       7
       3
       5
       5
       7
       9
       9
       7
       8
      11
       9
       4
      16
       6
       4
      14
       9
       4
       9
       9
      11
      10
       3
       8
       6
       3
       2
       2
       8
       6
      11
       5
       7
       4
       7
       6
       7
       3
       6
       6
       6
       8
       5
       8
       5
       7
       7
       6
       4
       5
       5
      11
      12
       7
       7
       9
       1
       2
       9
       9
       7
       4
       7
       8
      10
       8
       9
      14
       8
       9
       2
       6
       9
       3
       6
       6
       4
       8
       4
       7
       4
      13
       5
       6
       5
       5
       4
       4
       6
       8
       5
       5
       3
       4
       8
       3
       8
       2
       4
       7
       7
      11
       5
       4
       8
       7
       5
       3
       2
       5
       2
      12
       9
       5
       6
       8
       4
       5
       4
       7
       9
       3
       4
       3
       5
       5
       7
       5
       3
       2
       2
       5
       6
       3
      11
       7
       6
       3
       5
       1
       2
       3
       4
       6
      10
       8
       2
       5
       6
       7
       6
       6
       2
       4
       2
       2
       2
       3
       2
       8
       6
       3
       4
       3
       2
       4
       3
       6
       3
       8
       3
       4
       6
       3
       2
       5
       5
       3
       3
       2
       1
       2
       5
       4
       5
       1
       9
       5
       1
       2
       4
       4
       7
       5
       3
       5
       3
       1
       5
       2
       5
       1
       3
       3
       2
       5
       2
       1
       1
       4
       4
       7
       3
       3
       6
       2
       3
       1
       3
       1
       1
       2
       2
       5
       2
       0
       2
       2
       7
       7
       7
       1
       4
       1
       2
       4
       6
       2
       2
       8
       3
       5
       2
       5
       2
       1
       7
       2
       4
       3
       8
       3
       1
       1
       4
       2
       7
       3
       4
       2
       5
       5
       6
       2
       2
       5
       5
       1
       3
       6
       4
       1
       0
       2
       1
       2
       4
       4
       6
       1
       3
       3
       2
       3
       3
       7
       3
       5
       0
       4
       2
       2
       2
       2
       3
       3
       4
       4
       4
       4
       3
       3
       0
       0
       4
       2
       3
       3
       2
       3
       1
       2
       1
       3
       1
       2
       2
       3
       2
       5
       4
       2
       1
       6
       5
       4
       3
       1
       3
       5
       2
       4
       1
       6
       3
       2
       3
       2
       7
       4
       7
       5
       2
       7
       3
       3
       4
       8
       8
       6
       7
       5
       7
       6
       7
       5
       5
       5
       5
       6
       5
       5
       5
       3
       6
       4
       4
      12
       9
       4
      10
       6
       6
       8
       8
       6
       5
       3
       6
       5
       7
       5
       9
       5
       4
       5
       0
       3
       4
       2
       5
       4
       4
       4
       6
       5
       2
       5
       3
       4
       8
       1
       1
       1
       5
       4
       3
       3
       2
       4
       2
       0
       3
       0
       3
       0
       2
       2
       2
       5
       1
       0
       0
       0
       0
       1
       0
       0
       2
       0
       2
       1
       0
       1
       1
       2
       1
       1
       0
       0
       1
       0
       4
       0
       0
       1
       1
       1
       2
       1
       2
       1
       2
       2
       3
       2
       1
       1
       0
       3
       2
       2
       1
       0
       0
       0
       0
       0
       1
       1
       2
       0
       0
       1
       0
       1
       0
       0
       0
       0
       2
       0
       2
       0
       0
       0
       0
       0
       0
       0
       0
       2
       0
       2
       2
       1
       0
       0
       1
       0
       1
       0
       0
       1
       0
       1
       1
       1
       2
       0
       1
       2
       0
       0
       0
       0
       2
       1
       1
       4
       0
       1
       0
       0
       0
       0
       1
       0
       2
       0
       1
       1
       1
       1
       1
       1
       1
       0
       0
       2
       0
       0
       0
       0
       1
       2
       0
       0
       0
       1
       0
       0
       1
       0
       0
       1
       1
       0
       1
       3
       1
       1
       1
       1
       0
       0
       0
       1
       1
       0
       1
       0
       1
       0
       1
       0
       1
       1
       1
       0
       1
       0
       1
       1
       0
       1
       1
       1
       0
       2
       0
       0
       1
       0
       1
       0
       0
       1
       0
       1
       1
       2
       1
       0
       0
       0
       0
       1
       1
       2
       3
       2
       1
       1
       0
       0
       0
       0
       2
       2
       1
       0
       0
       2
       1
       0
       1
       0
       1
       0
       0
       1
       2
       1
       0
       1
       1
       1
       3
       2
       0
       0
       1
       1
       1
       1
       0
       1
       1
       2
       0
       1
       0
       0
       0
       0
       0
       0
       1
       1
       0
       0
       0
       0
       2
       0
       1
       2
       0
       1
       0
       1
       1
       1
       0
       0
       0
       0
       0
       0
       0
       0
       1
       0
       0
       0
       0
       0
       2
       0
       0
       0
       1
       1
       0
       0
       0
       0
       0
       0
       0
       1
       1
       2
       1
       0
       1
       0
       0
       0
       0
       1
       0
       0
       0
       2
       0
       0
       0
       0
       0
       0
       0
       1
       0
       0
       0
       2
       1
       0
       0
       0
       0
       0
       1
       1
       0
       1
       1
       0
       1
       0
       1
       0
       0
       0
       0
       0
       0
       0
       2
       0
       1
       0
       1
       1
       0
       0
       0
       1
       0
       0
       0
       0
       0
       0
       1
       0
       1
       1
       0
       0
       0
       0
       0
       0
       0
       0
       1
       0
       0
       0
       0
       0
       0
       0
       1
       1
       0
       1
       0
       1
       0
       0
       0
       0
       0
       0
       0
       0
       0
       0
       0
       2
       0
       0
       1
       0
       0
       0
       0
       1
       0
       0
       2
       0
       0
       1
       0
       0
       1
       0
       0
       0
       0
       0
       0
       0
       1
       1
       1
       2
       0
       0
       2
       1
       0
       0
       1
       0
       0
       0
       0
       0
       0
       0
       0
       0
       0
       0
       0
       1
       1
       0
       1
       0
       0
       0
       0
       2
       0
       2
       1
       0
       0
       0
       0
       1
       0
       0
       1
       0
       1
       0
       0
       0
       0
       0
       2
       0
       0
       0
       0
       1
       0
       0
       0
       0
       1
       0
       0
       1
       0
       0
       1
       0
       0
       0
       0
       0
       0
       0
       1
       0
       2
       0
       1
       0
       0
       0
       0
       0
       0
       1
       1
       1
       0
       0
       0
       1
       0
       0
       0
       1
       0
       0
       2
       0
       0
       1
       1
       0
       0
       0
       1
       0
       1
       0
       1
       1
       0
       1
       0
       0
       0
       0
       0
       1
       0
       0
       1
       0
       0
       1
       0
       0
       0
       0
       1
       0
       1
       0
       0
       1
       0
       1
       0
       1
       0
       0
       0
       0
       1
       0
       0
       0
       0
       0
       0
       2
       0
       0
       0
       1
       0
       1
       1
       0
       0
       0
       1
       0
       0
       0
       0
       1
       0
       1
       0
       1
       1
       0
       0
       0
       0
       0
       0
       0
       1
       0
       0
       0
       1
       0
       0
       0
       1
       1
       0
       0
       0
       1
       1
       0
       0
       0
       0
       2
       0
       0
       0
       0
       0
       1
       0
       0
       1
       2
       0
       0
       0
       0
       0
       0
       0
       1
       1
       2
       0
       0
       0
       0
       1
       0
       0
       1
       0
       0
       0
       0
       0
       0
       0
       0
       1
       0
       1
       0
       1
       0
       1
       0
       0
       0
       0
       0
       0
       0
       0
       0
       1
       0
       0
       1
       0
       0
       0
       1
       0
       0
       1
       0
       2
       0
       1
       0
       2
       0
       0
       1
       0
       1
       0
       0
       0
       1
       0
       0
       0
       0
       1
       0
       0
       0
       1
       0
       0
       0
       0
       0
       1
       1
       0
       1
       0
       0
       0
       0
       0
       0
       0
       0
       0
       0
       0
       0
       0
       0
       0
       0
       0
       0
       0
       0
       0
       0
       0
       0
       0
       0
       0
       0
       0
       0
       0
       0
       0
       0
       0
       0
       0
       0
       0
$ROI:
0
$PRESETS:
None
0
0
$ENER_FIT:
-8.215019 1.172043
$MCA_CAL:
3
-8.215019E+000 1.172043E+000 0.000000E+000 keV
$SHAPE_CAL:
3
0.000000E+000 0.000000E+000 0.000000E+000
