$SPEC_ID:
No sample description was entered.
$SPEC_REM:
DET# 2
DETDESC# PHY-NUCLAB-02 MCB 129
AP# Maestro Version 7.01
$DATE_MEA:
02/10/2021 11:11:13
$MEAS_TIM:
200 200
$DATA:
0 2047
       0
       0
       0
       0
       0
       0
       0
       0
       0
       0
       0
       0
       0
       0
       0
       0
       0
       0
       0
       0
       0
       0
       0
       0
       0
       0
       0
       0
       0
       0
       0
       0
       0
       0
       0
       0
       0
       0
       0
       0
       0
       0
       0
       0
       0
       0
       0
       0
       0
       0
       0
       0
       0
       0
       0
       0
       0
       0
       0
       0
       0
       0
       0
       0
       0
       0
       0
       0
       0
       0
       0
       0
       0
       0
       0
       0
       0
       0
       0
       0
       0
       0
       0
       0
       0
       0
       0
       0
       0
       0
       0
       0
       0
       0
       0
       0
       0
       0
       0
       0
       0
       0
       0
       0
       0
       0
       0
       0
       0
       0
       0
       0
       0
       0
       0
       0
       0
       0
       0
       0
       0
       0
       0
       0
       0
       0
       0
       0
       0
       0
       0
       0
       0
       0
       0
       0
       0
       0
       0
       0
       0
       0
       0
       0
       0
       0
       4
     300
     323
     353
     334
     360
     362
     346
     345
     377
     383
     361
     350
     341
     388
     350
     346
     348
     315
     350
     351
     340
     323
     335
     323
     304
     331
     299
     278
     239
     244
     219
     262
     247
     227
     215
     234
     211
     228
     218
     201
     190
     197
     207
     172
     217
     195
     193
     200
     193
     177
     176
     188
     177
     192
     203
     184
     159
     175
     176
     171
     186
     170
     198
     202
     182
     158
     182
     172
     185
     176
     173
     154
     161
     159
     178
     176
     169
     161
     144
     171
     155
     176
     160
     163
     149
     147
     174
     153
     166
     140
     152
     148
     141
     141
     134
     134
     130
     143
     173
     121
     146
     157
     145
     121
     127
     122
     116
     132
     111
     139
     137
     118
     104
      99
     147
     107
     103
     122
     107
     111
     110
     115
     106
     106
     119
      94
     108
     104
     118
      97
      96
      85
      85
     129
      88
      94
      91
      95
      93
     101
      82
      99
      91
      76
      93
      90
      90
      87
      88
     105
      88
      97
      87
      71
      90
      91
      93
      91
      88
      71
      88
      70
      78
      74
      73
      91
      69
      68
      77
      53
      70
      83
      63
      79
      62
      71
      66
      68
      57
      82
      60
      61
      72
      70
      78
      65
      77
      85
      70
      65
      73
      54
      64
      60
      53
      38
      56
      68
      64
      48
      68
      56
      61
      53
      50
      52
      62
      51
      61
      63
      58
      42
      63
      61
      54
      47
      51
      56
      44
      40
      49
      46
      54
      53
      37
      40
      39
      48
      45
      35
      67
      55
      43
      44
      47
      45
      43
      42
      40
      47
      42
      42
      31
      48
      44
      46
      32
      30
      41
      52
      38
      38
      26
      35
      39
      40
      30
      41
      27
      29
      26
      22
      21
      25
      29
      28
      36
      21
      19
      17
      29
      20
      30
      31
      39
      30
      23
      28
      22
      27
      21
      22
      29
      20
      22
      19
      26
      16
      28
      27
      16
      16
      23
      19
      22
      11
      23
      19
      23
      27
      23
      22
      19
      16
      20
      25
      18
      21
      28
      19
      16
      19
      18
      26
      19
      18
      23
      16
      17
      16
      20
      21
      18
      13
      13
      16
      18
      23
      10
      21
      16
      18
      13
      17
      12
      19
      20
      12
      11
      15
      11
      20
      24
      16
      13
      20
      17
      22
      17
      25
      18
      27
      16
      19
      10
      19
      27
      24
      12
      15
      16
      18
      21
      21
      11
      16
      24
      23
      29
      17
      25
      23
      22
      25
      24
      27
      26
      27
      21
      39
      29
      26
      34
      26
      40
      46
      36
      41
      49
      42
      46
      48
      52
      44
      57
      49
      61
      65
      73
      68
      64
      69
      89
      80
      89
      86
      96
      96
      94
     112
     112
     135
     134
     117
     145
     130
     133
     153
     137
     125
     155
     130
     137
     137
     152
     151
     163
     136
     116
     141
     143
     125
     135
     116
     118
     109
      97
      87
      85
      95
      82
      80
      67
      57
      53
      58
      48
      49
      43
      45
      35
      41
      33
      21
      25
      24
      28
      13
      13
      21
      13
      15
      10
       7
       2
       8
       7
       8
       9
       9
       7
       8
       3
       2
       9
       5
       4
       6
       4
       6
       5
      10
       6
       7
       8
       3
       7
      12
       3
       9
       6
       5
       8
       3
       7
       7
       4
       8
       3
       5
       4
       4
       1
       3
       7
       8
       7
       2
       6
       5
       5
       6
       8
       6
      13
       8
       4
       8
       7
       9
       8
       6
       5
       6
      10
       6
       7
       5
       5
       5
       5
       7
       5
       4
       6
       5
       9
       3
       8
       3
       5
       6
       6
       4
       6
       5
       9
       8
       5
       2
       6
      10
       7
       5
       7
       3
       5
       9
       9
       3
       3
       6
       4
       9
       5
       7
       4
       4
       5
       3
       4
       8
       6
       3
       3
       5
       3
       6
       6
       5
       9
       9
       7
       2
       4
       3
       4
       4
       7
       6
       4
       5
       6
       6
       5
       5
       5
       4
       5
       4
       4
       4
       4
       3
       6
       3
       4
       5
       3
       7
       4
       5
       8
       9
       5
       3
       6
       6
       4
       5
       5
       7
       4
       9
       6
       5
       9
       4
       5
       4
       8
       7
       5
       8
       9
       2
       8
       5
       4
       5
      10
       8
       3
       3
       6
       6
      10
       2
       4
       6
       7
       5
       2
       4
       8
       3
       6
       5
       6
       6
       4
      13
       5
       6
       5
       8
       4
       6
       3
       7
       4
       7
       3
       5
       8
       3
       6
       3
       3
       5
       4
       7
       5
       6
       4
       9
       2
       1
       2
       3
       5
       6
       4
       5
       8
       5
       1
       1
       4
       8
       3
       6
       4
       3
       2
       4
       5
       3
       2
       9
       5
       3
       3
       7
       3
       3
       7
       4
       3
       4
       6
       3
       2
       3
       4
       6
       4
       2
       6
       3
       4
       3
       5
       5
       2
       3
       3
       6
       1
       4
       6
       3
       5
       3
       5
       6
       2
       2
       5
       4
       0
       0
       5
       6
       2
       5
       4
       5
       2
       3
       1
       5
       3
       2
       3
       4
       1
       3
       7
       5
       2
       3
       3
       1
       1
       2
       2
       6
       3
       2
       2
       2
       4
       3
       1
       5
       1
       4
       1
       2
       5
       5
       3
       2
       6
       5
       6
       2
       4
       3
       2
       4
       6
       5
       3
       3
       4
       1
       5
       3
       4
       3
       5
       7
       3
       1
       5
       6
       4
       2
       7
       4
       4
       3
       6
       4
       8
       4
       2
       4
       5
       2
       5
       1
       4
       3
       8
       2
       2
       3
       1
       2
       3
       4
       2
       1
       3
       3
       5
       5
      10
       1
       3
       2
       1
       1
       5
       4
       6
       4
       3
       1
       3
       2
       4
       2
       0
       3
       4
       2
       2
       1
       8
       2
       3
       1
       3
       5
       3
       4
       3
       3
       1
       1
       1
       2
       2
       2
       2
       2
       2
       1
       5
       4
       1
       3
       2
       1
       1
       2
       3
       1
       2
       3
       1
       3
       0
       0
       2
       4
       3
       3
       1
       5
       2
       4
       4
       1
       1
       1
       3
       0
       4
       4
       0
       1
       2
       2
       0
       1
       1
       3
       1
       2
       1
       3
       1
       2
       4
       0
       3
       2
       3
       3
       2
       1
       0
       1
       1
       0
       1
       1
       1
       1
       5
       1
       0
       2
       3
       2
       1
       1
       2
       3
       0
       0
       1
       2
       3
       3
       2
       1
       1
       4
       1
       1
       1
       1
       1
       1
       0
       4
       2
       4
       1
       0
       3
       2
       2
       2
       2
       1
       2
       2
       4
       1
       1
       0
       1
       3
       2
       0
       1
       0
       1
       1
       3
       1
       1
       1
       5
       1
       1
       1
       1
       0
       0
       0
       0
       0
       1
       2
       1
       4
       1
       0
       2
       4
       0
       0
       0
       0
       4
       3
       1
       1
       1
       4
       3
       5
       1
       0
       2
       0
       2
       3
       3
       6
       2
       1
       3
       6
       1
       0
       3
       7
       5
       6
       2
       6
       0
       4
       4
       2
       2
       4
       1
       1
       5
       6
       5
       6
       5
       3
       3
       7
       6
       3
       7
       9
       5
       9
       7
       5
       4
       2
       5
       6
      10
       8
      14
      15
       6
       6
       5
       2
       3
       2
       7
       6
       6
       5
       6
       6
       2
       3
       4
       4
       8
       3
       6
       4
       3
       6
       1
       4
       5
       3
       3
       3
       3
       4
       2
       3
       1
       4
       1
       2
       1
       7
       3
       3
       3
       1
       1
       2
       3
       2
       4
       3
       1
       3
       0
       1
       5
       2
       2
       1
       0
       1
       2
       2
       0
       1
       0
       1
       0
       2
       0
       1
       2
       0
       1
       0
       0
       4
       1
       0
       1
       1
       0
       1
       0
       2
       0
       1
       0
       2
       0
       0
       1
       4
       2
       1
       0
       2
       1
       0
       0
       0
       1
       0
       2
       0
       1
       0
       0
       2
       0
       1
       0
       3
       2
       3
       1
       0
       0
       2
       1
       2
       0
       0
       1
       1
       0
       2
       0
       0
       2
       1
       1
       0
       0
       2
       0
       1
       0
       0
       1
       0
       1
       2
       0
       0
       3
       0
       1
       0
       0
       4
       0
       1
       1
       1
       1
       0
       0
       1
       1
       1
       0
       0
       2
       1
       0
       0
       2
       0
       0
       0
       1
       0
       0
       0
       0
       0
       0
       1
       1
       0
       1
       0
       0
       2
       0
       1
       1
       1
       0
       0
       1
       0
       1
       2
       0
       0
       1
       0
       0
       1
       0
       0
       1
       2
       0
       0
       0
       1
       0
       1
       1
       0
       1
       1
       1
       1
       1
       0
       0
       1
       1
       2
       0
       1
       0
       0
       0
       0
       2
       3
       0
       1
       1
       0
       0
       2
       0
       0
       0
       0
       1
       1
       0
       2
       0
       1
       0
       1
       0
       1
       1
       0
       1
       1
       0
       2
       0
       1
       1
       0
       0
       1
       1
       1
       0
       0
       1
       1
       0
       0
       0
       0
       1
       0
       3
       1
       0
       0
       2
       1
       0
       0
       1
       1
       1
       1
       1
       0
       0
       0
       0
       0
       1
       2
       1
       0
       1
       1
       0
       0
       2
       0
       1
       1
       0
       1
       0
       0
       0
       2
       0
       1
       0
       1
       0
       1
       0
       0
       0
       1
       0
       0
       0
       0
       0
       0
       0
       0
       0
       1
       0
       0
       0
       0
       0
       0
       0
       0
       1
       0
       1
       0
       0
       0
       0
       0
       1
       1
       1
       2
       0
       2
       0
       2
       0
       0
       0
       0
       0
       1
       0
       0
       1
       0
       0
       1
       0
       1
       1
       1
       0
       1
       0
       0
       0
       1
       0
       0
       2
       0
       0
       0
       0
       0
       0
       0
       0
       2
       0
       1
       0
       0
       0
       0
       0
       0
       0
       0
       0
       0
       1
       1
       0
       0
       0
       0
       0
       0
       0
       0
       2
       1
       0
       0
       0
       0
       0
       0
       0
       0
       0
       0
       1
       0
       0
       0
       0
       1
       0
       0
       1
       0
       0
       2
       0
       1
       0
       1
       0
       0
       0
       1
       1
       1
       0
       0
       0
       0
       0
       0
       0
       0
       0
       0
       0
       0
       0
       2
       0
       0
       0
       1
       1
       0
       0
       0
       1
       0
       0
       0
       0
       0
       1
       0
       0
       2
       0
       0
       0
       2
       1
       0
       0
       0
       0
       0
       0
       0
       0
       0
       0
       0
       1
       0
       2
       0
       2
       1
       1
       1
       0
       1
       0
       1
       1
       1
       1
       0
       0
       1
       1
       0
       2
       0
       3
       0
       1
       0
       0
       1
       0
       0
       1
       0
       0
       0
       0
       3
       1
       0
       0
       1
       0
       0
       0
       0
       0
       0
       0
       0
       0
       0
       1
       0
       0
       1
       1
       1
       1
       3
       0
       1
       0
       0
       1
       0
       1
       1
       0
       0
       0
       1
       0
       0
       2
       0
       0
       0
       1
       1
       1
       1
       1
       1
       1
       0
       1
       2
       2
       0
       0
       0
       0
       0
       1
       0
       0
       0
       0
       1
       0
       0
       0
       1
       1
       0
       0
       0
       0
       0
       0
       0
       0
       0
       2
       0
       0
       0
       0
       1
       0
       1
       1
       0
       1
       0
       1
       0
       0
       1
       1
       2
       1
       0
       0
       0
       0
       0
       0
       0
       0
       0
       0
       0
       1
       1
       0
       1
       1
       0
       2
       0
       0
       0
       1
       2
       0
       0
       1
       0
       0
       1
       0
       0
       0
       0
       2
       2
       0
       0
       1
       0
       1
       0
       0
       1
       1
       0
       0
       1
       0
       1
       2
       1
       0
       0
       0
       1
       0
       1
       0
       0
       0
       0
       0
       0
       0
       0
       2
       0
       0
       0
       0
       0
       0
       0
       0
       0
       2
       0
       0
       0
       0
       1
       0
       0
       0
       0
       1
       2
       0
       2
       1
       0
       0
       1
       0
       2
       0
       0
       0
       0
       0
       1
       0
       0
       0
       0
       0
       0
       0
       0
       0
       0
       0
       0
       0
       1
       0
       0
       0
       0
       0
       1
       0
       0
       0
       0
       0
       0
       0
       1
       0
       0
       0
       0
       0
       2
       0
       0
       1
       0
       0
       0
       1
       0
       0
       0
       0
       0
       0
       0
       0
       0
       0
       0
       0
       0
       0
       0
       0
       0
       0
       0
       0
       0
       0
       0
       0
       0
       0
       0
       0
       0
       0
       0
       0
       0
       0
       0
       0
       0
       0
       0
       0
       0
       0
       0
       0
       0
       0
$ROI:
0
$PRESETS:
None
0
0
$ENER_FIT:
-8.215019 1.172043
$MCA_CAL:
3
-8.215019E+000 1.172043E+000 0.000000E+000 keV
$SHAPE_CAL:
3
0.000000E+000 0.000000E+000 0.000000E+000
