$SPEC_ID:
No sample description was entered.
$SPEC_REM:
DET# 2
DETDESC# PHY-NUCLAB-02 MCB 129
AP# Maestro Version 7.01
$DATE_MEA:
02/10/2021 11:46:49
$MEAS_TIM:
199 200
$DATA:
0 2047
       0
       0
       0
       0
       0
       0
       0
       0
       0
       0
       0
       0
       0
       0
       0
       0
       0
       0
       0
       0
       0
       0
       0
       0
       0
       0
       0
       0
       0
       0
       0
       0
       0
       0
       0
       0
       0
       0
       0
       0
       0
       0
       0
       0
       0
       0
       0
       0
       0
       0
       0
       0
       0
       0
       0
       0
       0
       0
       0
       0
       0
       0
       0
       0
       0
       0
       0
       0
       0
       0
       0
       0
       0
       0
       0
       0
       0
       0
       0
       0
       0
       0
       0
       0
       0
       0
       0
       0
       0
       0
       0
       0
       0
       0
       0
       0
       0
       0
       0
       0
       0
       0
       0
       0
       0
       0
       0
       0
       0
       0
       0
       0
       0
       0
       0
       0
       0
       0
       0
       0
       0
       0
       0
       0
       0
       0
       0
       0
       0
       0
       0
       0
       0
       0
       0
       0
       0
       0
       0
       0
       0
       0
       0
       0
       0
       0
       9
     503
     591
     617
     660
     654
     688
     667
     623
     682
     665
     679
     683
     663
     604
     648
     689
     708
     649
     649
     659
     626
     617
     629
     635
     620
     558
     577
     575
     611
     576
     524
     560
     539
     514
     481
     496
     511
     503
     484
     439
     457
     471
     474
     447
     464
     450
     470
     465
     454
     469
     478
     521
     503
     480
     437
     453
     457
     446
     464
     404
     411
     401
     447
     408
     438
     425
     399
     427
     445
     428
     436
     420
     420
     421
     415
     404
     403
     418
     411
     424
     377
     413
     394
     384
     406
     406
     406
     406
     376
     382
     390
     356
     378
     423
     406
     406
     394
     421
     388
     368
     373
     393
     381
     390
     358
     366
     341
     393
     384
     373
     405
     349
     395
     348
     350
     363
     333
     357
     340
     363
     373
     365
     302
     337
     344
     400
     327
     357
     346
     342
     373
     333
     361
     369
     376
     337
     348
     329
     333
     342
     371
     366
     327
     359
     325
     335
     330
     323
     329
     379
     293
     344
     332
     314
     333
     309
     324
     324
     333
     342
     366
     321
     321
     325
     363
     339
     336
     349
     339
     332
     325
     337
     330
     311
     340
     323
     323
     302
     289
     291
     349
     337
     315
     320
     336
     328
     312
     300
     326
     333
     333
     309
     328
     317
     317
     332
     285
     317
     336
     300
     330
     308
     333
     348
     315
     304
     335
     375
     349
     329
     368
     336
     319
     293
     325
     362
     328
     310
     319
     324
     324
     317
     342
     323
     362
     323
     308
     286
     335
     287
     275
     300
     300
     325
     323
     291
     306
     296
     301
     304
     290
     271
     292
     225
     311
     252
     280
     267
     232
     213
     250
     233
     267
     243
     205
     214
     197
     197
     187
     174
     195
     175
     163
     168
     167
     188
     162
     144
     130
     167
     135
     152
     150
     130
     134
     122
     110
     136
     104
     105
     103
     112
     105
      93
     115
     113
      98
      89
      92
     103
     114
     107
     107
      83
     101
      98
      99
      76
     115
      77
      98
      78
      78
      76
      83
      85
      77
      79
      81
      91
      70
      88
      85
      76
      77
      59
      73
      62
      75
      75
      80
      80
      73
      60
      64
      73
      73
      65
      79
      76
      68
      77
      70
      78
      67
      61
      77
      85
      63
      68
      76
      77
      74
      66
      76
      63
      73
      66
      76
      75
      69
      78
      82
      64
      62
      75
      81
      59
      77
      81
      85
      80
      79
      73
      84
     100
      83
      97
      72
      90
     106
      88
     117
     115
     136
     122
     121
     131
     149
     146
     171
     164
     193
     172
     224
     253
     247
     249
     262
     295
     362
     359
     374
     397
     484
     480
     511
     622
     596
     639
     729
     767
     863
     823
     947
     961
    1049
    1110
    1200
    1289
    1252
    1274
    1430
    1468
    1545
    1598
    1574
    1742
    1684
    1716
    1813
    1841
    1847
    1894
    1869
    1862
    1961
    1931
    1911
    1881
    1822
    1823
    1843
    1732
    1742
    1577
    1580
    1592
    1508
    1475
    1370
    1282
    1217
    1151
    1076
    1006
     900
     839
     773
     731
     685
     595
     578
     470
     432
     375
     367
     310
     257
     229
     196
     203
     176
     145
     109
      96
      91
      83
      57
      56
      61
      46
      43
      32
      25
      24
      12
      16
      22
      17
      16
      16
      11
       9
       7
       7
      11
      10
      10
      14
       9
       6
      15
       7
       6
       4
       7
      10
       7
      11
       5
       7
       5
      13
       9
       5
      13
       5
      12
      10
      12
       5
       9
       9
      12
       6
       4
      16
       3
       9
       8
      10
       9
       7
       7
       8
       2
       3
       8
       4
      12
      14
      10
       7
      10
       8
      12
       7
       8
       5
       5
       6
       8
      15
       8
       5
      10
      12
       3
       7
      12
       4
       4
       7
       7
       8
       6
       8
      11
       8
       5
       1
      13
       7
       7
       5
      12
       2
       2
       5
       5
       7
       7
       6
       5
       5
       7
       9
       7
       8
       8
       4
       4
       5
       8
       6
       5
       6
       6
       4
       4
       5
       9
       7
       5
       8
       7
       5
       9
       9
       7
       7
       4
       4
       9
       6
      11
       4
       3
       5
       8
       6
       7
       3
       6
       7
       6
       6
      11
       8
       6
       9
       4
      12
       8
       9
       8
       5
       4
       5
       2
       6
       6
       6
       7
       2
       7
       6
       4
       8
       4
       4
       7
       6
       5
       7
       4
       1
       3
       8
       4
       4
       3
       7
       6
       8
       1
       6
       8
       7
       5
       9
       7
       9
       5
       4
       5
       7
       4
       3
       8
       5
       7
       3
       7
       3
       5
       5
       4
       6
       5
       5
       6
       6
       3
       3
       6
       5
       5
       1
       6
       4
       4
       4
       5
       4
       5
       2
       3
       4
       1
       5
       6
       1
       7
       7
       8
       5
       9
       6
       4
       3
       3
       8
       5
       5
       3
       4
       4
       2
       3
       6
       8
       3
       2
       1
       2
       4
       4
       4
       4
       9
       3
       4
       3
       3
       4
       7
       3
       7
       5
       5
       2
       6
       3
       1
       3
       3
       1
       5
       3
       6
       2
       3
       3
       4
       5
       5
       4
       4
       6
       4
       2
       5
       5
       3
       5
       7
       3
       3
       4
       3
       6
       1
       5
       5
       7
       5
       5
       3
       4
       5
       5
       5
       6
       2
       4
       8
       4
       5
       1
       3
       5
       7
       4
       3
       7
       5
       6
       5
       4
       5
       3
       0
       3
       4
       5
       3
       2
       5
       1
       6
       4
       5
       6
       2
       2
       5
       3
       4
       2
       3
       4
       3
       2
       5
       1
       6
       5
       2
       3
       3
       3
       2
       4
       6
       3
       6
       3
       2
       3
       4
       4
       3
       4
       5
       3
       3
       4
       5
       8
       1
       5
       2
       5
       3
       3
       4
       2
       2
       5
       1
       3
       2
       4
       2
       5
       5
       5
       8
       4
       4
       3
       3
       3
       3
       2
       1
       4
       5
       5
       1
       2
       4
       3
       4
       5
       1
       5
       3
       5
       2
       4
       6
       4
       4
       3
       6
       3
       5
       3
       2
       4
       3
       5
       5
       3
       3
       2
       2
       2
       5
       2
       1
       3
       1
       3
       2
       2
       1
       2
       4
       2
       2
       5
       6
       3
       1
       2
       3
       1
       7
       0
       2
       7
       1
       2
       2
       3
       4
       1
       0
       2
       2
       3
       2
       3
       2
       2
       3
       1
       2
       1
       0
       4
       2
       4
       1
       3
       3
       1
       0
       3
       0
       0
       0
       5
       6
       6
       3
       1
       1
       2
       1
       2
       2
       1
       1
       3
       2
       1
       3
       0
       1
       2
       5
       3
       2
       0
       1
       0
       2
       2
       0
       1
       2
       1
       3
       0
       0
       0
       2
       0
       2
       2
       2
       2
       1
       4
       2
       2
       1
       2
       0
       1
       0
       1
       1
       4
       5
       2
       5
       0
       1
       3
       2
       3
       3
       2
       1
       1
       0
       0
       3
       1
       2
       2
       1
       1
       4
       2
       3
       2
       2
       3
       3
       1
       0
       0
       2
       4
       5
       1
       2
       3
       1
       4
       1
       3
       3
       4
       3
       2
       4
       1
       3
       7
       3
       4
       3
       7
       1
       3
       4
       3
       8
       3
       3
       4
       1
       4
       4
       4
       3
       5
       5
       8
       5
       7
       4
       3
       6
       9
       1
       2
       5
       7
       5
       4
       5
       8
       9
       3
       2
       7
       8
       4
       8
      11
       7
       6
       2
       4
      10
       5
       5
       5
       7
       7
       6
       5
       4
       8
       4
       4
       4
       0
       5
       3
       3
       7
       3
       4
       3
       3
       4
       1
       4
       3
       4
       4
       0
       4
       0
       3
       2
       2
       0
       1
       2
       2
       1
       2
       3
       0
       2
       0
       2
       0
       4
       1
       0
       1
       0
       0
       1
       1
       0
       1
       1
       2
       2
       0
       0
       1
       0
       1
       3
       2
       0
       1
       0
       0
       0
       0
       1
       1
       1
       1
       1
       0
       1
       1
       0
       2
       0
       0
       0
       2
       1
       1
       0
       0
       2
       0
       1
       1
       1
       0
       1
       0
       0
       2
       0
       0
       0
       2
       2
       3
       0
       0
       3
       1
       0
       2
       1
       0
       0
       0
       0
       0
       0
       0
       1
       1
       2
       1
       2
       0
       0
       0
       0
       2
       0
       2
       2
       0
       1
       2
       0
       0
       1
       2
       0
       1
       1
       3
       0
       1
       0
       2
       1
       1
       0
       0
       1
       1
       1
       0
       0
       0
       0
       0
       2
       0
       1
       1
       1
       0
       0
       1
       0
       0
       2
       0
       0
       1
       0
       1
       1
       1
       2
       1
       1
       0
       0
       0
       1
       0
       2
       0
       0
       1
       1
       1
       1
       0
       0
       0
       0
       0
       0
       0
       0
       3
       0
       0
       0
       1
       1
       0
       0
       2
       2
       0
       0
       0
       0
       0
       0
       0
       1
       0
       0
       1
       1
       1
       0
       2
       0
       0
       1
       1
       0
       3
       0
       0
       1
       0
       2
       1
       1
       2
       1
       0
       0
       1
       1
       1
       2
       2
       0
       0
       3
       2
       0
       1
       0
       2
       0
       1
       1
       2
       0
       1
       0
       0
       0
       1
       2
       1
       0
       0
       0
       1
       0
       0
       0
       2
       0
       1
       0
       3
       2
       0
       0
       0
       1
       2
       2
       0
       0
       0
       0
       0
       0
       1
       1
       1
       1
       1
       1
       1
       0
       0
       1
       0
       1
       0
       0
       0
       0
       1
       0
       0
       1
       2
       0
       0
       0
       0
       1
       1
       1
       0
       0
       0
       1
       0
       0
       0
       0
       0
       0
       0
       0
       1
       2
       0
       0
       0
       1
       1
       0
       0
       1
       0
       0
       0
       0
       0
       0
       2
       2
       1
       0
       0
       0
       0
       0
       0
       0
       0
       0
       2
       0
       0
       0
       0
       0
       1
       0
       2
       0
       0
       0
       0
       0
       0
       0
       0
       1
       1
       0
       0
       0
       0
       0
       0
       1
       0
       0
       1
       0
       0
       1
       1
       1
       0
       0
       1
       2
       1
       0
       1
       0
       0
       2
       1
       0
       0
       0
       0
       0
       0
       1
       0
       0
       0
       1
       0
       2
       1
       1
       0
       0
       0
       0
       0
       0
       0
       1
       0
       0
       0
       0
       0
       0
       0
       0
       0
       0
       1
       1
       0
       0
       0
       1
       0
       0
       0
       0
       1
       0
       0
       0
       0
       0
       0
       1
       0
       0
       0
       1
       0
       0
       0
       1
       0
       0
       0
       0
       1
       0
       0
       0
       1
       1
       0
       0
       0
       0
       0
       0
       0
       0
       1
       1
       1
       0
       0
       0
       0
       2
       0
       0
       1
       1
       0
       1
       0
       0
       1
       0
       0
       1
       0
       0
       0
       0
       0
       0
       0
       0
       0
       0
       0
       0
       0
       0
       1
       1
       0
       1
       0
       0
       1
       0
       1
       0
       1
       0
       0
       0
       1
       0
       0
       2
       0
       0
       0
       0
       1
       0
       3
       0
       0
       0
       0
       0
       0
       0
       1
       0
       0
       0
       1
       1
       0
       0
       0
       1
       0
       0
       0
       1
       0
       0
       0
       0
       0
       0
       0
       1
       0
       0
       1
       0
       1
       0
       1
       0
       1
       0
       2
       0
       0
       0
       0
       0
       1
       0
       0
       0
       0
       0
       0
       0
       0
       0
       0
       1
       0
       0
       2
       2
       1
       0
       1
       0
       1
       1
       0
       0
       1
       1
       0
       0
       1
       0
       0
       0
       0
       0
       1
       1
       0
       0
       0
       0
       0
       0
       1
       0
       1
       0
       0
       0
       2
       0
       0
       0
       0
       1
       0
       2
       0
       0
       0
       0
       0
       0
       0
       0
       0
       0
       0
       2
       1
       0
       1
       1
       1
       0
       0
       0
       1
       0
       1
       1
       0
       1
       0
       0
       0
       0
       0
       0
       1
       0
       0
       0
       0
       1
       0
       0
       0
       0
       0
       0
       0
       1
       0
       0
       0
       1
       0
       1
       0
       0
       0
       0
       0
       0
       0
       1
       1
       0
       0
       0
       1
       1
       1
       0
       0
       1
       1
       0
       0
       0
       0
       0
       0
       0
       0
       0
       0
       0
       1
       0
       0
       1
       0
       0
       0
       0
       0
       0
       0
       0
       0
       0
       0
       0
       0
       0
       0
       0
       0
       0
       0
       1
       0
       0
       0
       0
       0
       0
       0
       0
       0
       0
       0
       0
       0
       0
       0
       0
       0
       0
       0
       0
       0
       0
       0
       0
       0
       0
       0
       0
       0
       0
       0
       0
       0
       0
       0
       0
       0
       0
       0
$ROI:
0
$PRESETS:
None
0
0
$ENER_FIT:
-8.215019 1.172043
$MCA_CAL:
3
-8.215019E+000 1.172043E+000 0.000000E+000 keV
$SHAPE_CAL:
3
0.000000E+000 0.000000E+000 0.000000E+000
