$SPEC_ID:
No sample description was entered.
$SPEC_REM:
DET# 2
DETDESC# PHY-NUCLAB-02 MCB 129
AP# Maestro Version 7.01
$DATE_MEA:
02/10/2021 11:06:42
$MEAS_TIM:
203 203
$DATA:
0 2047
       0
       0
       0
       0
       0
       0
       0
       0
       0
       0
       0
       0
       0
       0
       0
       0
       0
       0
       0
       0
       0
       0
       0
       0
       0
       0
       0
       0
       0
       0
       0
       0
       0
       0
       0
       0
       0
       0
       0
       0
       0
       0
       0
       0
       0
       0
       0
       0
       0
       0
       0
       0
       0
       0
       0
       0
       0
       0
       0
       0
       0
       0
       0
       0
       0
       0
       0
       0
       0
       0
       0
       0
       0
       0
       0
       0
       0
       0
       0
       0
       0
       0
       0
       0
       0
       0
       0
       0
       0
       0
       0
       0
       0
       0
       0
       0
       0
       0
       0
       0
       0
       0
       0
       0
       0
       0
       0
       0
       0
       0
       0
       0
       0
       0
       0
       0
       0
       0
       0
       0
       0
       0
       0
       0
       0
       0
       0
       0
       0
       0
       0
       0
       0
       0
       0
       0
       0
       0
       0
       0
       0
       0
       0
       0
       0
       0
       1
     313
     368
     365
     364
     391
     414
     400
     368
     366
     390
     378
     404
     382
     378
     348
     374
     371
     391
     366
     387
     333
     337
     349
     312
     305
     325
     266
     287
     291
     278
     261
     252
     266
     227
     248
     221
     221
     232
     257
     221
     216
     199
     225
     233
     196
     178
     204
     201
     201
     216
     167
     224
     203
     194
     196
     208
     183
     173
     192
     196
     196
     158
     192
     195
     172
     188
     184
     188
     164
     180
     173
     190
     174
     187
     187
     169
     202
     185
     194
     174
     155
     205
     177
     180
     165
     164
     157
     172
     176
     165
     161
     141
     155
     139
     147
     131
     154
     145
     171
     150
     138
     163
     138
     160
     163
     145
     119
     143
     141
     143
     123
     178
     160
     124
     115
     143
     112
     125
     128
     118
     134
     132
     139
     125
     126
     122
     117
      89
     111
     106
     123
     104
     126
     106
     100
      96
     107
     113
      90
     102
     115
     122
      98
     127
     101
     110
      86
     115
     114
      96
     105
     102
     109
      81
      97
      99
      89
     118
     111
      96
      88
     103
      80
      80
     105
      97
      93
      88
      90
      82
      72
      88
      79
      84
     102
      75
      99
      93
      86
      79
      79
      90
     102
      80
      79
      73
      86
      81
      68
      89
      84
      73
      73
      73
      62
      68
      62
      88
      66
      70
      72
      74
      83
      71
      65
      63
      72
      66
      60
      74
      57
      68
      66
      73
      70
      71
      70
      69
      75
      69
      75
      61
      59
      60
      64
      62
      66
      73
      64
      70
      58
      67
      65
      49
      60
      64
      58
      45
      55
      56
      48
      54
      62
      58
      49
      57
      55
      53
      48
      37
      40
      42
      39
      43
      45
      33
      47
      39
      40
      27
      38
      34
      46
      29
      29
      33
      33
      38
      29
      34
      24
      22
      37
      38
      33
      39
      31
      22
      24
      27
      27
      25
      35
      18
      32
      36
      31
      26
      23
      35
      30
      30
      27
      17
      22
      24
      25
      27
      17
      20
      21
      24
      20
      19
      19
      19
      19
      21
      18
      27
      19
      23
      20
      26
      15
      23
      21
      24
      17
      19
      24
      18
      15
      18
      16
      20
      17
      16
      22
      15
      16
      22
      17
      26
      15
      23
      24
      20
      28
      20
      18
      15
      11
      23
      25
      19
      25
      23
      15
      25
      18
      24
      30
      16
      18
      16
      25
      26
      22
      20
      16
      27
      14
      23
      14
      19
      28
      29
      24
      25
      24
      30
      25
      26
      31
      39
      34
      29
      24
      29
      30
      38
      28
      40
      42
      26
      50
      58
      46
      60
      54
      65
      66
      86
      92
      88
      92
     107
      84
     107
     115
     122
     144
     139
     138
     145
     149
     174
     167
     163
     176
     171
     186
     187
     232
     217
     222
     226
     244
     252
     233
     238
     256
     226
     215
     244
     206
     221
     195
     188
     226
     216
     202
     207
     167
     161
     162
     159
     141
     140
     151
     130
     107
     117
     105
      93
      69
      78
      74
      66
      49
      60
      50
      43
      44
      43
      27
      24
      21
      27
      22
      20
      22
      20
       6
      22
      10
      11
      11
       7
      14
       9
       2
       6
       6
       7
       8
       7
       6
       3
      12
       7
       8
       9
       7
       2
       5
       6
       6
      11
       6
       9
       5
       7
       2
      10
       4
       4
      10
       5
       2
       2
       8
       7
       7
      10
       4
       5
       7
       8
       7
       5
       6
       6
       5
       4
       7
       7
       3
       5
       9
       2
       4
       5
       5
       2
      10
      13
       3
       6
       2
       6
       3
       5
       9
       4
       4
       7
       2
       2
       4
       5
       8
       7
       5
       6
       5
       2
       3
       5
       7
       2
       2
       5
       3
       2
       4
       7
       2
       6
       4
       5
       5
       6
       3
       4
       6
       6
       6
       7
      11
       4
       6
       4
       4
       4
       3
       6
       6
       7
       8
       8
       6
       4
       6
       4
       2
       4
       5
       7
       5
       5
       5
       6
       4
       4
       4
       4
       5
       3
       4
       6
       6
       8
       6
       4
       8
       1
       9
       9
       5
       5
       6
       7
       9
       1
       7
       5
       4
       8
       4
       3
       8
       4
       5
       5
       6
       6
       5
       4
       5
       8
       4
       5
       1
       4
       7
       4
       8
       6
       4
       2
       5
       3
       6
       2
       4
       5
       4
       9
       2
       4
       7
       3
       2
       5
       5
       7
       6
       9
       7
       8
       6
       5
       4
       5
       9
      10
       5
       3
       3
       6
       5
       3
       3
       2
       1
       7
       5
       3
       6
       8
       1
       5
       4
      10
       5
       4
       7
       5
       3
       9
       4
       4
      10
       4
       4
       2
       2
       3
       6
       5
       3
       4
       3
       1
       3
       3
       4
       3
       4
       4
       3
       6
       5
       6
       6
       3
       4
       1
       5
       5
       5
       4
       4
       5
       4
       3
       7
       4
       7
       5
       2
       4
       3
       3
       3
       5
       5
       8
       1
       2
       4
       6
       6
       3
       3
       2
       7
       3
       2
       4
       2
       2
       6
       3
       2
       2
       3
       6
       7
       1
       4
       4
       4
       1
       1
       4
       3
       5
       3
       4
       3
       5
       4
       4
       6
       4
       3
       6
       4
       8
       6
       2
       3
       3
       6
       5
       5
       2
       4
       5
       3
       7
       2
       3
       5
       5
       6
       4
       5
       4
       7
       5
       5
       5
       0
       8
       0
       7
       2
       7
       4
       1
       2
       8
       2
       5
       8
       2
       6
       4
       4
       6
       2
       3
       4
       8
       7
       6
       3
       3
       6
       1
       5
       6
       3
       5
       2
       6
       5
       3
       8
       2
       2
       1
       5
       1
       3
       3
       3
       0
       4
       0
       3
       4
       2
       0
       3
       6
       3
       5
       2
       3
       2
       3
       1
       2
       2
       3
       3
       1
       4
       2
       1
       2
       2
       1
       4
       1
       1
       5
       8
       0
       5
       2
       2
       1
       1
       1
       0
       4
       2
       6
       2
       7
       4
       6
       4
       2
       3
       4
       4
       1
       0
       2
       3
       5
       2
       3
       2
       3
       0
       1
       3
       4
       1
       2
       0
       3
       0
       2
       3
       1
       3
       4
       6
       1
       2
       5
       2
       1
       1
       1
       1
       2
       0
       0
       4
       3
       1
       2
       1
       5
       2
       0
       2
       1
       3
       3
       2
       3
       3
       2
       1
       2
       1
       1
       3
       1
       3
       0
       3
       4
       2
       1
       2
       4
       3
       1
       1
       0
       0
       0
       1
       2
       3
       2
       0
       1
       2
       0
       5
       1
       1
       1
       0
       3
       4
       2
       0
       2
       2
       3
       4
       2
       0
       0
       1
       1
       1
       3
       0
       1
       0
       2
       1
       2
       3
       1
       2
       0
       1
       1
       1
       1
       4
       2
       0
       0
       2
       1
       2
       1
       1
       1
       1
       2
       0
       1
       4
       0
       0
       2
       1
       1
       1
       2
       0
       6
       4
       0
       3
       0
       4
       2
       4
       1
       7
       1
       1
       1
       4
       6
       3
       1
       2
       3
       2
       3
       8
       5
       3
       5
       5
       6
       5
       1
       7
       2
       8
      10
       2
       4
       3
       4
       4
       6
       7
       7
       5
       2
       5
       4
       6
       6
       7
       8
       6
       6
      15
       3
      11
       8
       4
       9
       9
       6
       9
      12
       5
      10
       8
       4
       8
       4
       7
       3
       7
       6
       6
       9
      10
       7
       6
       6
       9
       3
       8
       6
       6
       3
       3
       8
       5
       2
       4
       3
       3
       2
       8
       1
       4
       1
       2
       4
       1
       2
       1
       2
       1
       4
       2
       2
       1
       0
       2
       0
       2
       1
       2
       0
       2
       3
       1
       2
       1
       2
       1
       3
       0
       1
       1
       0
       0
       1
       3
       0
       0
       1
       1
       0
       0
       1
       0
       1
       2
       1
       0
       1
       1
       0
       1
       1
       0
       0
       1
       0
       2
       0
       2
       1
       2
       3
       1
       1
       1
       2
       2
       1
       2
       0
       1
       1
       0
       2
       2
       0
       0
       0
       0
       1
       0
       0
       1
       0
       3
       0
       0
       2
       2
       1
       0
       3
       1
       0
       0
       0
       1
       0
       0
       0
       2
       2
       0
       1
       1
       0
       0
       0
       1
       0
       0
       0
       1
       1
       0
       1
       2
       0
       0
       0
       1
       1
       0
       0
       0
       1
       2
       2
       0
       0
       1
       1
       0
       2
       0
       2
       0
       0
       0
       0
       1
       0
       0
       2
       1
       0
       1
       1
       0
       1
       0
       1
       1
       0
       1
       2
       3
       2
       0
       0
       0
       0
       0
       0
       1
       0
       1
       0
       0
       1
       0
       0
       1
       0
       0
       1
       0
       0
       0
       0
       1
       0
       0
       2
       0
       1
       0
       1
       1
       1
       0
       1
       0
       1
       1
       0
       2
       1
       1
       0
       1
       0
       0
       0
       1
       0
       2
       0
       0
       2
       1
       2
       2
       0
       0
       2
       2
       0
       0
       0
       0
       0
       1
       1
       0
       1
       0
       1
       1
       0
       0
       2
       0
       1
       1
       2
       0
       1
       1
       0
       1
       1
       0
       2
       1
       1
       1
       1
       0
       2
       1
       0
       0
       0
       0
       1
       0
       1
       0
       0
       2
       0
       0
       0
       0
       1
       1
       1
       0
       2
       0
       0
       2
       1
       0
       1
       1
       1
       0
       1
       0
       0
       0
       0
       2
       0
       0
       2
       0
       0
       0
       0
       0
       1
       1
       0
       1
       0
       0
       0
       1
       0
       0
       1
       0
       1
       0
       0
       1
       0
       0
       0
       1
       0
       0
       1
       0
       0
       0
       1
       0
       0
       0
       1
       0
       0
       1
       0
       0
       0
       0
       0
       1
       0
       0
       0
       0
       0
       0
       1
       0
       0
       0
       0
       2
       0
       0
       0
       1
       1
       2
       0
       0
       0
       0
       1
       0
       1
       0
       2
       0
       1
       1
       0
       0
       0
       1
       1
       0
       0
       0
       1
       0
       0
       0
       0
       1
       0
       0
       0
       1
       0
       0
       0
       0
       1
       0
       0
       0
       0
       0
       0
       0
       0
       1
       0
       0
       0
       2
       1
       0
       0
       1
       1
       1
       0
       0
       0
       1
       0
       0
       0
       0
       0
       0
       0
       0
       0
       1
       0
       0
       0
       0
       1
       0
       0
       0
       0
       0
       1
       0
       0
       0
       1
       1
       0
       1
       0
       0
       0
       2
       0
       0
       0
       0
       1
       0
       2
       0
       0
       1
       0
       0
       0
       0
       0
       2
       1
       0
       0
       0
       0
       0
       0
       1
       0
       0
       0
       0
       0
       0
       0
       1
       0
       0
       0
       0
       0
       0
       1
       1
       0
       0
       1
       0
       0
       0
       0
       1
       1
       0
       0
       3
       3
       1
       0
       0
       0
       1
       1
       1
       0
       0
       0
       2
       0
       0
       0
       1
       0
       0
       0
       0
       2
       0
       0
       0
       0
       1
       0
       0
       0
       0
       0
       0
       0
       0
       1
       0
       0
       0
       1
       1
       0
       0
       0
       0
       0
       0
       1
       1
       0
       0
       1
       0
       2
       0
       0
       2
       1
       0
       0
       0
       1
       0
       1
       0
       0
       0
       1
       0
       1
       0
       1
       0
       0
       1
       0
       1
       2
       0
       0
       0
       1
       0
       0
       0
       1
       0
       0
       0
       0
       1
       0
       0
       2
       1
       0
       0
       0
       0
       1
       0
       0
       0
       1
       0
       0
       0
       1
       0
       3
       0
       1
       0
       0
       0
       0
       0
       0
       0
       0
       0
       1
       0
       2
       0
       0
       0
       0
       0
       0
       0
       0
       0
       2
       2
       0
       2
       0
       0
       0
       0
       0
       2
       0
       0
       0
       1
       0
       1
       0
       0
       0
       0
       0
       0
       0
       0
       0
       1
       0
       0
       0
       0
       2
       0
       0
       0
       0
       1
       1
       0
       0
       0
       1
       0
       0
       0
       0
       2
       1
       0
       1
       0
       0
       1
       0
       0
       0
       1
       1
       1
       0
       0
       2
       1
       0
       0
       0
       0
       0
       0
       0
       1
       0
       0
       0
       0
       0
       0
       0
       0
       0
       0
       2
       0
       0
       0
       0
       2
       0
       0
       0
       0
       0
       0
       0
       0
       0
       0
       0
       0
       0
       1
       0
       0
       0
       2
       0
       0
       0
       0
       1
       0
       0
       0
       0
       0
       0
       0
       0
       0
       0
       0
       0
       0
       0
       0
       0
       0
       0
       0
       0
       0
       0
       0
       0
       0
       0
       0
       0
       0
       0
       0
       0
       0
       0
       0
$ROI:
0
$PRESETS:
None
0
0
$ENER_FIT:
-8.215019 1.172043
$MCA_CAL:
3
-8.215019E+000 1.172043E+000 0.000000E+000 keV
$SHAPE_CAL:
3
0.000000E+000 0.000000E+000 0.000000E+000
