$SPEC_ID:
No sample description was entered.
$SPEC_REM:
DET# 2
DETDESC# PHY-NUCLAB-02 MCB 129
AP# Maestro Version 7.01
$DATE_MEA:
02/10/2021 11:38:20
$MEAS_TIM:
198 200
$DATA:
0 2047
       0
       0
       0
       0
       0
       0
       0
       0
       0
       0
       0
       0
       0
       0
       0
       0
       0
       0
       0
       0
       0
       0
       0
       0
       0
       0
       0
       0
       0
       0
       0
       0
       0
       0
       0
       0
       0
       0
       0
       0
       0
       0
       0
       0
       0
       0
       0
       0
       0
       0
       0
       0
       0
       0
       0
       0
       0
       0
       0
       0
       0
       0
       0
       0
       0
       0
       0
       0
       0
       0
       0
       0
       0
       0
       0
       0
       0
       0
       0
       0
       0
       0
       0
       0
       0
       0
       0
       0
       0
       0
       0
       0
       0
       0
       0
       0
       0
       0
       0
       0
       0
       0
       0
       0
       0
       0
       0
       0
       0
       0
       0
       0
       0
       0
       0
       0
       0
       0
       0
       0
       0
       0
       0
       0
       0
       0
       0
       0
       0
       0
       0
       0
       0
       0
       0
       0
       0
       0
       0
       0
       0
       0
       0
       0
       0
       0
       9
     637
     837
     849
     800
     847
     813
     820
     845
     855
     898
     861
     851
     859
     886
     913
     874
     905
     890
     869
     810
     813
     857
     830
     812
     761
     795
     749
     749
     764
     736
     726
     730
     739
     746
     728
     684
     717
     637
     676
     647
     691
     657
     648
     616
     650
     652
     630
     637
     613
     637
     648
     593
     617
     638
     579
     626
     634
     598
     587
     567
     607
     552
     588
     602
     568
     581
     613
     575
     589
     588
     554
     597
     579
     592
     562
     558
     607
     563
     568
     531
     565
     592
     548
     542
     533
     533
     554
     563
     538
     501
     521
     568
     517
     524
     538
     530
     543
     539
     519
     545
     531
     529
     530
     542
     519
     535
     501
     519
     500
     530
     504
     511
     492
     511
     545
     485
     492
     513
     481
     507
     511
     477
     506
     499
     500
     492
     456
     488
     483
     460
     484
     500
     454
     504
     502
     516
     460
     483
     484
     481
     499
     505
     526
     514
     472
     499
     458
     468
     512
     534
     474
     464
     470
     516
     493
     553
     507
     469
     442
     486
     476
     488
     509
     501
     469
     477
     522
     478
     496
     473
     498
     492
     476
     477
     525
     481
     456
     443
     512
     433
     478
     452
     512
     464
     536
     498
     493
     508
     452
     469
     473
     508
     473
     487
     497
     559
     474
     461
     498
     523
     453
     493
     497
     479
     512
     478
     498
     477
     441
     481
     485
     537
     474
     471
     508
     482
     489
     503
     482
     499
     500
     471
     488
     513
     475
     470
     458
     470
     465
     499
     461
     462
     477
     440
     494
     494
     456
     412
     460
     463
     441
     417
     438
     384
     420
     375
     394
     404
     400
     340
     374
     339
     354
     318
     352
     330
     296
     295
     299
     315
     299
     271
     268
     263
     247
     240
     224
     210
     236
     209
     235
     204
     211
     207
     196
     200
     183
     200
     201
     167
     180
     184
     165
     169
     151
     167
     148
     153
     153
     132
     136
     156
     134
     141
     137
     125
     144
     131
     107
     137
     121
     142
     147
     136
     111
     116
     137
     111
     123
     139
     112
     136
     113
     131
     114
     111
     109
     110
     106
     111
     105
      95
     106
     105
     112
     110
     114
     119
     111
      90
      72
     114
     103
     106
      97
     100
     120
      86
      96
     105
      91
      87
      93
     114
      88
      94
     111
      99
     109
     107
     113
      96
      98
     119
      87
     119
     126
      88
     107
      97
     136
     111
     109
     141
     119
     112
     115
     132
     144
     139
     144
     148
     143
     173
     194
     165
     177
     202
     200
     218
     227
     252
     252
     286
     305
     359
     352
     403
     434
     476
     521
     554
     563
     630
     656
     750
     815
     908
     908
    1015
    1115
    1149
    1249
    1347
    1416
    1504
    1612
    1707
    1785
    1878
    1949
    2114
    2184
    2258
    2378
    2402
    2559
    2574
    2664
    2745
    2743
    2825
    2958
    2981
    2959
    3076
    3070
    2975
    3051
    2878
    2902
    2885
    2831
    2785
    2735
    2677
    2431
    2400
    2324
    2206
    2156
    2101
    1893
    1812
    1700
    1613
    1472
    1416
    1329
    1202
    1076
     996
     871
     794
     755
     670
     610
     514
     450
     413
     371
     303
     278
     247
     213
     161
     156
     124
     110
      94
      95
      73
      58
      57
      51
      43
      29
      29
      31
      20
      20
      20
      12
      16
       9
       8
       9
      13
      10
       6
      17
       7
       8
      18
      14
      13
       7
      21
       5
       9
       9
       7
      13
      10
      10
      13
      11
       7
      10
       4
       8
       5
       8
      14
       8
      11
      10
       6
       6
      15
       8
       9
      10
      12
       5
       7
      15
       9
      12
      11
       8
      15
      11
      14
       7
       7
      16
       8
      10
       6
      12
      10
       6
      10
      12
      10
       9
       4
       8
       7
       5
       6
       9
       6
       8
      10
       6
      11
       9
       7
      14
       8
       9
      10
       7
      12
      13
      10
       9
       4
       9
       8
       7
       7
       5
       6
       4
       4
       7
       9
      13
       5
       8
       6
       9
       4
       7
       5
       2
       6
       6
      10
      10
       8
      10
       5
       6
       8
       6
       6
       8
       6
       5
       8
       6
       8
       8
       8
      12
       9
       3
       4
       7
       7
       5
       9
       7
       5
      10
       4
       6
      10
      16
       9
      10
       7
       9
       7
       7
       4
       7
       8
       8
       3
      12
      13
       5
      10
       5
       3
       8
       5
       5
       2
       6
       9
       8
      11
       5
       9
       6
       6
       6
       6
      10
       6
       7
       4
       4
       5
       6
       5
       7
      13
       6
       8
       5
       9
      10
       6
       7
      10
       7
       8
      10
       7
       4
       8
       7
       3
       5
       5
       6
       9
       7
      12
       3
       8
       5
       8
       8
      10
       4
      10
       8
       5
       3
       3
       5
      11
       6
       6
       4
      11
       4
       8
       2
       6
       4
       3
       1
       1
       5
      10
       8
       2
       4
       6
       4
       4
       7
       4
       3
       1
       2
      10
       6
       5
       4
       9
       5
       5
       5
       3
       6
       3
       4
       6
       3
       6
       3
       4
       6
       3
       5
       5
       4
       6
       4
       5
       3
       5
       4
       3
       5
       3
       8
       2
       7
       4
       6
       9
       6
       4
       2
       1
       8
       3
       5
       2
       3
       5
       4
       3
       1
       5
       5
       4
       7
       4
       4
       0
       3
       8
       2
       1
       7
       9
       2
       6
       6
       2
       7
       3
       2
       6
       2
       6
       4
       4
       6
       5
       5
       6
       4
       0
       2
       6
       7
       5
       3
       4
       3
       4
       3
       2
       5
       6
       5
       7
       4
       6
       3
       3
       6
       4
       5
       5
       6
       5
       6
       6
       4
       1
       4
       2
       6
       7
       3
       2
       6
       5
       5
       5
       4
       8
       2
       3
       7
       5
       3
       8
       6
       8
       6
       6
       2
       6
       3
       2
       3
       3
       6
       5
       2
       6
       4
       6
       4
       5
       3
       2
       0
       5
       1
       1
       6
       2
       2
       4
       5
       2
       2
       3
       6
       2
       5
       0
       3
       3
       2
       3
       4
       6
       2
       4
       7
       2
       3
       2
       3
       4
       4
       3
       5
       4
       4
       2
       4
       4
       4
       3
       3
       4
       3
       3
       3
       3
       6
       1
       5
       2
       0
       3
       2
       2
       2
       4
       3
       1
       4
       2
       1
       2
       4
       2
       3
       3
       3
       2
       2
       1
       2
       2
       2
       3
       5
       4
       3
       2
       3
       3
       3
       2
       1
       2
       0
       1
       5
       2
       4
       1
       1
       2
       5
       2
       2
       4
       2
       1
       2
       0
       7
       2
       4
       3
       2
       2
       2
       0
       2
       1
       1
       4
       4
       1
       2
       4
       2
       0
       3
       3
       1
       1
       3
       1
       0
       3
       3
       2
       3
       1
       0
       1
       2
       2
       2
       2
       3
       2
       7
       3
       8
       2
       0
       1
       1
       3
       0
       1
       4
       0
       0
       1
       2
       3
       2
       4
       1
       2
       1
       4
       0
       1
       0
       2
       1
       2
       3
       1
       4
       3
       1
       3
       2
       0
       2
       3
       2
       4
       3
       1
       3
       1
       5
       2
       1
       2
       2
       8
       3
       3
       4
       4
       1
       2
       2
       2
       3
       3
       5
       1
       1
       2
       4
       6
       2
       6
       5
       2
      11
       2
       2
       9
       6
       4
       6
       6
       3
       6
       6
      11
       7
       6
       3
       4
       7
       6
       9
       5
       8
       6
       7
       6
       6
       2
       2
       3
       6
       6
       2
       4
       7
       8
       5
       8
       1
       6
       3
       6
       4
       4
       3
       7
       6
       8
       3
       5
       7
       4
       6
       1
       4
       0
       8
       6
       3
       2
       6
       2
       1
       1
       4
       3
       2
       3
       5
       1
       1
       1
       4
       1
       2
       2
       3
       5
       2
       3
       1
       1
       1
       2
       1
       2
       0
       0
       1
       1
       2
       0
       2
       3
       2
       0
       2
       2
       1
       2
       0
       1
       2
       2
       1
       0
       1
       2
       1
       0
       0
       2
       0
       0
       0
       2
       0
       2
       0
       0
       0
       1
       0
       0
       1
       1
       1
       0
       1
       2
       1
       0
       0
       0
       1
       1
       0
       0
       1
       1
       1
       1
       0
       0
       1
       1
       2
       1
       1
       1
       3
       1
       1
       0
       0
       0
       0
       0
       0
       1
       2
       2
       1
       1
       0
       1
       0
       1
       1
       1
       1
       0
       0
       1
       0
       1
       1
       1
       0
       2
       1
       0
       1
       2
       2
       1
       0
       0
       0
       1
       0
       1
       0
       1
       2
       0
       0
       0
       0
       0
       0
       0
       0
       1
       0
       1
       0
       1
       1
       0
       2
       0
       0
       1
       0
       0
       1
       1
       0
       0
       0
       1
       1
       0
       0
       1
       1
       3
       1
       0
       0
       1
       0
       1
       0
       1
       1
       0
       0
       0
       0
       0
       1
       2
       0
       0
       0
       0
       1
       1
       1
       0
       2
       0
       1
       2
       0
       0
       1
       1
       0
       0
       0
       1
       1
       1
       0
       0
       0
       1
       0
       1
       2
       0
       0
       3
       0
       1
       0
       2
       0
       2
       0
       1
       0
       0
       0
       4
       0
       0
       1
       0
       2
       1
       2
       2
       1
       1
       0
       0
       0
       0
       0
       0
       0
       2
       2
       0
       0
       1
       1
       0
       0
       2
       1
       0
       0
       1
       1
       1
       1
       0
       0
       0
       0
       0
       1
       1
       1
       0
       0
       0
       0
       0
       0
       1
       0
       1
       0
       0
       2
       0
       3
       2
       1
       1
       0
       0
       1
       0
       0
       2
       1
       0
       0
       0
       1
       0
       0
       2
       0
       0
       0
       0
       0
       0
       0
       0
       0
       2
       0
       1
       0
       0
       0
       0
       1
       3
       0
       0
       1
       0
       1
       1
       0
       0
       0
       1
       0
       1
       2
       0
       0
       0
       0
       0
       0
       1
       0
       0
       0
       1
       0
       0
       0
       1
       0
       0
       0
       0
       0
       0
       0
       1
       0
       0
       0
       0
       0
       1
       0
       0
       1
       0
       1
       0
       2
       0
       0
       0
       1
       1
       0
       0
       0
       0
       0
       0
       0
       0
       0
       1
       1
       0
       0
       2
       0
       0
       0
       0
       0
       0
       0
       0
       0
       0
       0
       0
       0
       1
       0
       0
       0
       0
       0
       0
       0
       0
       0
       1
       1
       0
       0
       0
       2
       0
       1
       0
       0
       1
       0
       0
       0
       0
       2
       0
       1
       0
       0
       3
       0
       1
       1
       0
       0
       0
       0
       0
       0
       1
       1
       0
       0
       0
       1
       0
       0
       0
       1
       0
       0
       0
       0
       1
       0
       0
       0
       0
       1
       1
       0
       2
       2
       0
       1
       0
       0
       0
       0
       0
       0
       0
       0
       2
       2
       0
       0
       0
       1
       0
       0
       0
       0
       0
       1
       0
       0
       0
       0
       1
       1
       0
       1
       1
       0
       0
       1
       0
       2
       0
       0
       1
       0
       0
       2
       1
       1
       0
       1
       1
       0
       1
       1
       2
       0
       1
       0
       0
       0
       0
       0
       0
       0
       0
       0
       0
       0
       1
       0
       1
       2
       0
       0
       1
       0
       2
       0
       1
       0
       2
       0
       1
       0
       1
       0
       0
       1
       0
       0
       0
       1
       2
       0
       1
       0
       0
       0
       0
       0
       0
       1
       1
       2
       0
       2
       0
       0
       0
       1
       0
       2
       0
       0
       1
       0
       1
       0
       0
       0
       0
       0
       0
       1
       0
       0
       0
       1
       0
       0
       0
       0
       1
       0
       0
       1
       0
       2
       0
       0
       1
       0
       1
       1
       2
       0
       2
       0
       1
       2
       0
       0
       2
       1
       0
       0
       0
       0
       0
       0
       2
       0
       0
       0
       1
       1
       1
       0
       0
       0
       0
       0
       0
       0
       0
       0
       0
       0
       1
       0
       1
       0
       1
       1
       0
       0
       0
       1
       0
       0
       0
       0
       0
       0
       0
       0
       0
       0
       0
       1
       0
       0
       0
       0
       0
       1
       0
       0
       0
       0
       2
       0
       0
       0
       0
       0
       0
       0
       0
       0
       0
       0
       0
       1
       0
       1
       0
       0
       0
       0
       0
       1
       1
       2
       0
       0
       0
       0
       0
       0
       0
       1
       0
       0
       0
       1
       1
       0
       0
       0
       0
       0
       0
       0
       0
       0
       0
       0
       0
       0
       0
       0
       0
       0
       0
       0
       0
       1
       0
       0
       0
       0
       0
       0
       0
       0
       0
       0
       0
       0
       0
       0
       0
       0
       0
       0
       0
       0
       0
       0
       0
       0
       0
       0
       0
       0
       0
       0
       0
       0
       0
       0
       0
       0
$ROI:
0
$PRESETS:
None
0
0
$ENER_FIT:
-8.215019 1.172043
$MCA_CAL:
3
-8.215019E+000 1.172043E+000 0.000000E+000 keV
$SHAPE_CAL:
3
0.000000E+000 0.000000E+000 0.000000E+000
