$SPEC_ID:
No sample description was entered.
$SPEC_REM:
DET# 2
DETDESC# PHY-NUCLAB-02 MCB 129
AP# Maestro Version 7.01
$DATE_MEA:
02/10/2021 10:50:34
$MEAS_TIM:
183 187
$DATA:
0 2047
       0
       0
       0
       0
       0
       0
       0
       0
       0
       0
       0
       0
       0
       0
       0
       0
       0
       0
       0
       0
       0
       0
       0
       0
       0
       0
       0
       0
       0
       0
       0
       0
       0
       0
       0
       0
       0
       0
       0
       0
       0
       0
       0
       0
       0
       0
       0
       0
       0
       0
       0
       0
       0
       0
       0
       0
       0
       0
       0
       0
       0
       0
       0
       0
       0
       0
       0
       0
       0
       0
       0
       0
       0
       0
       0
       0
       0
       0
       0
       0
       0
       0
       0
       0
       0
       0
       0
       0
       0
       0
       0
       0
       0
       0
       0
       0
       0
       0
       0
       0
       0
       0
       0
       0
       0
       0
       0
       0
       0
       0
       0
       0
       0
       0
       0
       0
       0
       0
       0
       0
       0
       0
       0
       0
       0
       0
       0
       0
       0
       0
       0
       0
       0
       0
       0
       0
       0
       0
       0
       0
       0
       0
       0
       0
       0
       0
      22
    1176
    1403
    1418
    1432
    1329
    1465
    1446
    1477
    1476
    1459
    1541
    1564
    1543
    1522
    1511
    1527
    1542
    1531
    1530
    1559
    1470
    1410
    1427
    1458
    1395
    1399
    1439
    1337
    1396
    1375
    1308
    1298
    1292
    1286
    1299
    1272
    1227
    1219
    1243
    1203
    1222
    1212
    1156
    1203
    1111
    1183
    1146
    1127
    1140
    1150
    1113
    1203
    1146
    1112
    1087
    1136
    1122
    1077
    1103
    1124
    1048
    1072
    1110
    1092
    1103
    1007
    1131
    1077
    1066
    1042
    1115
    1051
    1084
    1064
     997
    1072
     985
    1109
    1070
    1026
    1080
    1098
    1033
    1059
    1074
    1055
    1022
    1053
    1044
    1034
     990
    1018
    1049
    1033
     997
    1009
    1057
    1016
    1015
    1060
    1059
     989
     994
     996
    1039
    1064
    1010
     991
     985
    1031
     940
    1033
    1054
    1089
     995
    1059
    1061
     960
     985
     943
     971
    1030
    1039
     996
     998
    1066
    1021
    1000
     966
    1019
    1023
    1009
    1022
     990
    1016
     969
     973
     982
    1011
     967
     970
    1045
     976
     963
    1045
     936
    1012
    1006
    1048
    1020
    1040
     989
     996
     984
     970
     986
    1004
    1010
     990
    1012
     953
     982
     953
     971
    1069
     990
     947
     947
    1034
    1013
     988
    1024
    1018
    1028
    1039
     956
     952
    1054
     981
     950
    1028
     990
     997
    1006
    1021
    1004
     969
    1010
     955
    1021
     986
    1067
    1015
    1028
    1106
    1056
    1025
    1026
    1039
    1054
    1094
    1031
    1075
     998
    1010
    1012
    1034
    1025
    1092
    1074
    1018
    1077
    1025
    1082
    1036
    1054
    1017
    1044
    1112
    1099
    1135
    1097
    1051
     998
    1056
    1092
    1034
    1071
    1032
    1027
    1009
    1032
     968
    1096
     949
     954
     997
    1015
     965
     977
     900
     937
     938
     915
     909
     928
     875
     914
     834
     858
     773
     810
     744
     723
     735
     662
     701
     615
     640
     623
     637
     619
     583
     550
     536
     539
     491
     462
     471
     479
     428
     453
     468
     421
     409
     423
     417
     380
     362
     355
     365
     390
     354
     332
     334
     330
     337
     298
     295
     287
     318
     308
     289
     286
     274
     290
     277
     272
     293
     258
     280
     278
     272
     252
     277
     260
     238
     284
     249
     233
     237
     239
     242
     233
     256
     262
     217
     260
     246
     216
     231
     232
     248
     222
     230
     235
     191
     233
     244
     250
     220
     222
     229
     214
     220
     237
     229
     214
     244
     216
     232
     229
     207
     215
     230
     223
     250
     216
     225
     225
     239
     229
     203
     254
     205
     240
     247
     245
     228
     240
     238
     242
     247
     264
     267
     249
     268
     266
     235
     292
     288
     288
     329
     350
     335
     392
     371
     422
     406
     446
     471
     532
     573
     640
     654
     716
     722
     811
     909
     957
    1061
    1192
    1235
    1325
    1612
    1635
    1772
    1895
    1987
    2215
    2474
    2637
    2692
    2884
    3166
    3289
    3571
    3744
    4008
    4231
    4389
    4679
    4943
    5065
    5359
    5502
    5634
    5912
    6175
    6261
    6304
    6505
    6772
    6743
    6921
    6898
    6936
    6872
    7007
    6822
    6767
    6720
    6524
    6289
    6205
    6133
    5901
    5722
    5477
    5176
    5005
    4841
    4586
    4409
    4127
    3761
    3552
    3303
    3181
    2786
    2657
    2282
    2098
    1982
    1790
    1590
    1330
    1287
    1170
     995
     882
     782
     716
     616
     487
     469
     391
     350
     266
     240
     212
     185
     121
     106
     108
      91
      81
      84
      61
      60
      57
      33
      42
      36
      30
      27
      31
      27
      22
      22
      24
      21
      37
      27
      22
      22
      27
      25
      24
      28
      29
      20
      14
      21
      24
      21
      19
      20
      24
      32
      32
      15
      17
      14
      21
      13
      25
      15
      22
      14
      27
      28
      21
      25
      23
      19
      17
      18
      27
      21
      14
      17
      24
      22
      28
      16
      16
      19
      14
      17
       9
      18
      18
      16
      23
      16
      23
      14
      20
      20
      18
      16
      23
      16
      19
      20
      13
      13
      19
      25
      22
      11
      16
      22
      18
      14
      21
      20
      15
      18
      20
      22
      23
      19
      27
      26
      14
      22
      18
      19
      19
      15
      15
      17
      14
      15
      15
      16
      20
      16
      19
      20
      23
      17
      14
      10
      15
      14
      16
      20
      17
      17
      20
      12
      18
      15
      18
      12
      14
      22
      15
      16
      12
      12
      13
      10
      11
      13
      10
      10
      17
      20
      16
      16
      16
      13
      22
      13
       6
      13
       7
      11
      10
      13
      18
       6
      13
       9
      17
      18
      12
       4
      13
      13
      12
      12
      17
      22
      17
       8
      12
      15
      14
       6
      18
      17
      18
      13
      12
      10
      18
      16
      15
      15
      20
      13
      14
      22
      17
      19
      14
      16
      14
      16
       9
      10
      10
      18
      13
       9
      17
      14
      17
       6
      10
       4
      10
      13
      13
       9
       4
      11
      12
       9
      14
      16
       8
      10
      10
       7
      14
      16
      10
       7
       7
      15
      13
      15
      13
      10
      12
       9
      12
      16
      14
      14
       9
       9
      12
       7
      10
       5
       8
       5
      10
      13
      11
       9
       9
      14
       6
       5
       7
       6
       8
      12
      14
      10
       9
      13
       9
      11
      12
       8
       9
      12
       9
      15
      17
       7
       5
       9
       8
       6
      16
      11
       3
       9
      11
      11
       7
       9
       7
      12
       6
      12
      18
       3
      10
       5
      10
      11
      11
       2
      14
       8
       8
       6
       8
      10
      11
      13
       3
       5
      14
      13
      11
       7
       7
       6
       9
       7
      10
      10
       7
       7
       5
       9
       7
       7
       5
       7
       7
       9
       7
      10
      11
      14
      10
       6
       8
       4
      16
       5
      11
       5
       4
      13
      10
       9
       9
      12
       5
      10
      11
      11
       2
       4
      10
       8
      11
       4
       2
       6
       7
       3
       5
      10
       3
       6
       7
       6
       3
      13
      10
       7
       3
       7
       5
       6
       7
       6
       6
       9
      10
       7
       7
       6
       7
       6
      15
      11
       6
       8
       4
       4
       5
      11
       3
       7
       6
       7
       4
       6
       5
       5
       5
       7
       9
       8
       8
       8
       6
       2
       5
       9
       7
       6
       8
       6
       6
       3
       7
       9
       4
      10
       7
       2
       3
       5
       7
       2
       6
       7
       8
       7
       6
       5
       5
       5
       7
       3
       4
       8
       6
       5
       9
       8
       2
       6
       6
       6
       8
       9
       7
       3
       6
       3
       7
       7
       7
       6
       3
       7
       4
       5
       4
       3
       4
       4
       5
       7
       5
       3
       7
       7
       7
       2
       2
       8
       3
       8
       1
       5
       7
       0
       9
       8
       8
       7
       4
       4
       6
       4
      10
       3
       5
       7
       6
       2
       3
       4
       5
       8
       3
       3
       4
       1
       1
      10
       4
      11
       5
       6
       6
       6
       4
       4
       8
      11
       6
       6
       7
       6
      12
       7
       3
       7
       4
       3
       8
      10
       7
       9
       3
       7
       8
       3
       6
       9
       4
       7
       7
       6
       4
       7
      12
       2
       3
      10
       2
       5
       9
       4
       4
       5
       2
       2
       6
       7
       3
       7
       5
       3
       5
       5
       2
       4
       0
       6
       3
       4
       1
       5
       2
       6
       1
       2
       3
       4
       7
       1
       5
       4
       1
       2
       2
       3
       5
       2
       1
       3
       1
       0
       1
       3
       5
       4
       5
       4
       5
       5
       6
       3
       4
       3
       9
       1
       5
       3
       4
       2
       6
       1
       7
       6
       5
       5
       5
      10
       6
       6
       8
       7
       6
       8
       6
       6
       7
       2
       2
       6
       6
       1
       6
       7
       6
       3
       3
       7
      10
       8
       8
       3
       4
       5
       3
       6
       4
       6
       4
       5
       5
       9
       4
       2
       8
       4
       4
       5
       1
       3
       5
       8
       0
       4
       2
       2
       1
       4
       7
       4
       0
       3
       2
       3
       6
       3
       1
       1
       1
       2
       3
       0
       0
       2
       1
       2
       0
       0
       3
       2
       3
       1
       1
       1
       0
       0
       1
       0
       0
       1
       1
       0
       1
       0
       0
       1
       0
       0
       1
       0
       1
       0
       1
       0
       0
       1
       2
       0
       0
       2
       0
       2
       1
       0
       0
       2
       0
       1
       0
       2
       1
       0
       0
       0
       0
       3
       1
       1
       1
       1
       0
       0
       0
       0
       0
       0
       1
       2
       1
       2
       1
       1
       1
       0
       1
       0
       0
       1
       1
       0
       1
       2
       0
       1
       1
       2
       0
       0
       1
       1
       4
       1
       0
       3
       0
       0
       0
       0
       0
       0
       0
       2
       0
       1
       0
       1
       0
       1
       0
       2
       1
       0
       1
       0
       1
       0
       0
       2
       0
       1
       2
       0
       2
       1
       3
       1
       1
       0
       2
       0
       0
       0
       0
       2
       0
       1
       2
       0
       0
       0
       0
       0
       2
       0
       0
       0
       0
       0
       2
       1
       2
       0
       0
       0
       0
       1
       0
       0
       1
       0
       0
       1
       0
       1
       0
       1
       2
       1
       0
       0
       0
       0
       2
       1
       0
       1
       1
       0
       1
       1
       0
       0
       1
       1
       0
       1
       1
       0
       0
       0
       0
       1
       0
       0
       1
       0
       0
       0
       1
       0
       0
       1
       0
       1
       1
       0
       3
       2
       1
       0
       1
       1
       0
       4
       1
       0
       0
       1
       1
       1
       0
       2
       1
       0
       2
       1
       0
       1
       0
       0
       1
       0
       0
       1
       1
       0
       1
       0
       0
       0
       0
       1
       1
       1
       0
       0
       0
       0
       1
       0
       0
       1
       1
       2
       0
       0
       1
       0
       0
       0
       1
       2
       0
       0
       0
       1
       0
       0
       1
       0
       0
       0
       0
       0
       0
       0
       0
       0
       1
       0
       0
       1
       0
       0
       0
       1
       0
       1
       0
       0
       0
       2
       1
       0
       2
       0
       0
       0
       1
       1
       0
       0
       0
       0
       0
       0
       0
       2
       0
       1
       0
       2
       0
       0
       1
       0
       0
       0
       0
       0
       0
       0
       0
       0
       1
       0
       0
       1
       0
       1
       0
       0
       1
       0
       0
       0
       0
       0
       0
       1
       0
       0
       0
       0
       0
       0
       1
       1
       0
       0
       1
       0
       0
       0
       0
       1
       0
       0
       0
       1
       0
       0
       0
       0
       1
       1
       0
       0
       0
       0
       0
       0
       1
       0
       1
       0
       0
       0
       0
       0
       0
       2
       0
       0
       0
       1
       1
       0
       0
       0
       0
       1
       0
       0
       0
       0
       0
       0
       0
       0
       1
       0
       1
       1
       0
       0
       1
       0
       1
       0
       1
       0
       0
       0
       1
       0
       1
       0
       0
       1
       2
       1
       1
       0
       0
       0
       1
       0
       0
       0
       0
       0
       0
       0
       0
       0
       0
       0
       0
       0
       0
       1
       2
       0
       0
       0
       1
       0
       0
       0
       1
       0
       0
       2
       0
       0
       1
       0
       0
       2
       0
       0
       0
       1
       0
       1
       1
       0
       0
       0
       0
       1
       0
       0
       1
       0
       0
       0
       0
       0
       0
       0
       0
       1
       0
       1
       0
       0
       0
       1
       0
       1
       0
       0
       2
       0
       1
       2
       1
       0
       0
       1
       1
       0
       3
       1
       0
       0
       0
       0
       0
       1
       1
       0
       1
       0
       0
       0
       0
       0
       0
       0
       0
       0
       0
       1
       2
       1
       0
       1
       1
       0
       0
       0
       0
       0
       0
       0
       0
       0
       1
       0
       0
       1
       0
       0
       0
       0
       0
       0
       0
       0
       0
       0
       1
       0
       1
       2
       1
       1
       0
       0
       0
       0
       0
       0
       1
       1
       0
       1
       0
       1
       0
       0
       2
       0
       2
       1
       1
       0
       1
       0
       0
       1
       0
       0
       0
       0
       0
       0
       0
       1
       1
       1
       3
       0
       0
       0
       0
       1
       0
       0
       1
       0
       0
       1
       1
       0
       0
       0
       0
       0
       0
       0
       0
       0
       1
       0
       0
       0
       0
       0
       0
       1
       1
       0
       1
       1
       0
       0
       0
       0
       0
       1
       0
       0
       1
       0
       0
       0
       1
       0
       0
       1
       0
       0
       0
       0
       0
       0
       0
       1
       0
       1
       0
       0
       0
       0
       0
       1
       1
       0
       1
       1
       1
       0
       1
       0
       0
       0
       0
       0
       0
       0
       0
       0
       1
       0
       1
       0
       0
       0
       1
       0
       0
       0
       0
       0
       0
       0
       1
       0
       0
       1
       0
       0
       0
       1
       0
       0
       0
       0
       0
       0
       0
       0
       0
       1
       1
       0
       0
       0
       0
       0
       0
       0
       0
       0
       0
       0
       0
       0
       0
       0
       0
       0
       0
       0
       0
       0
       0
       0
       0
       0
       0
       0
       0
       0
       0
       0
       0
       0
       0
       0
       0
       0
       0
       0
       0
$ROI:
0
$PRESETS:
None
0
0
$ENER_FIT:
-8.215019 1.172043
$MCA_CAL:
3
-8.215019E+000 1.172043E+000 0.000000E+000 keV
$SHAPE_CAL:
3
0.000000E+000 0.000000E+000 0.000000E+000
