$SPEC_ID:
No sample description was entered.
$SPEC_REM:
DET# 8
DETDESC# PHY-NUCLAB-03 MCB 129
AP# Maestro Version 7.01
$DATE_MEA:
02/26/2024 09:09:05
$MEAS_TIM:
31 31
$DATA:
0 1023
       0
       0
       0
       0
       0
       0
       0
       0
       0
       0
       0
       0
       0
       0
       0
       0
       0
       0
       0
       0
       0
       0
       0
       0
       0
       0
       0
       0
       0
       0
     129
     280
     253
     269
     276
     288
     276
     253
     267
     314
     290
     258
     271
     273
     266
     296
     275
     264
     267
     252
     237
     273
     281
     273
     298
     291
     312
     310
     335
     340
     330
     333
     370
     344
     299
     300
     291
     303
     269
     285
     293
     305
     311
     245
     278
     268
     289
     251
     282
     249
     250
     230
     228
     270
     255
     231
     266
     242
     256
     258
     224
     274
     223
     202
     228
     227
     202
     249
     252
     256
     246
     242
     212
     187
     200
     210
     233
     186
     176
     189
     182
     162
     164
     134
     134
     125
     133
     114
     129
     133
     101
     111
      97
     105
     108
      81
     108
      89
      75
      92
      84
     110
     117
      76
      70
     100
      89
      74
      83
      73
      86
      80
      86
      77
      79
      99
      78
      98
      89
      93
     114
     101
     138
     150
     192
     213
     335
     405
     516
     653
     810
     896
    1128
    1251
    1305
    1340
    1403
    1346
    1412
    1292
    1047
    1018
     787
     695
     478
     393
     270
     175
     138
      92
      65
      59
      60
      47
      46
      42
      42
      36
      55
      44
      35
      32
      43
      34
      40
      32
      28
      36
      38
      39
      42
      36
      40
      35
      33
      49
      39
      35
      35
      43
      36
      34
      49
      41
      43
      43
      36
      40
      33
      42
      34
      40
      40
      43
      36
      37
      47
      37
      33
      28
      45
      30
      29
      36
      33
      40
      46
      34
      42
      32
      43
      34
      44
      39
      40
      32
      34
      35
      42
      54
      42
      29
      41
      48
      37
      36
      50
      31
      47
      45
      38
      39
      48
      44
      41
      45
      45
      53
      35
      50
      50
      38
      40
      41
      47
      43
      44
      35
      39
      36
      43
      34
      45
      48
      49
      41
      37
      36
      36
      33
      43
      41
      37
      34
      46
      43
      54
      36
      42
      49
      53
      41
      57
      40
      41
      38
      39
      32
      45
      49
      55
      41
      49
      46
      33
      49
      44
      45
      42
      53
      45
      52
      53
      50
      41
      40
      55
      39
      47
      29
      35
      44
      30
      27
      32
      33
      28
      29
      24
      17
      21
      17
      14
      25
      14
      19
      17
      19
      18
      14
      13
       9
      16
      14
       9
      13
      12
      12
       7
       7
       8
      11
       6
       7
       5
      10
       7
       9
       8
       8
      17
      11
      11
      13
       6
       8
       9
      11
      14
      17
      20
      21
      32
      33
      31
      37
      52
      55
      58
      57
      51
      75
      94
     106
     134
     120
     139
     149
     188
     150
     155
     158
     182
     159
     158
     179
     159
     143
     154
     137
     116
     114
      89
      77
      69
      68
      42
      35
      36
      32
      22
      12
       7
      14
      17
       9
       4
      10
       3
       5
       9
       5
       3
       2
       2
       1
       2
       4
       2
       4
       3
       3
       5
       3
       3
       4
       9
       8
       2
       6
       6
       5
       4
       2
       3
       1
       9
       9
       4
       5
       6
       5
       3
       9
       5
       3
       4
       7
       6
       4
       6
       1
       5
       5
       3
       2
       4
       1
       4
       6
       4
       4
       4
       2
       4
       4
       3
       2
       4
       2
       2
       4
       2
       1
       1
       1
       4
       3
       2
       1
       2
       1
       3
       3
       2
       0
       0
       1
       2
       4
       0
       0
       2
       1
       2
       4
       4
       2
       0
       0
       2
       2
       1
       0
       0
       3
       1
       0
       0
       0
       0
       0
       1
       2
       0
       1
       1
       1
       1
       0
       0
       1
       1
       2
       1
       1
       1
       1
       0
       0
       3
       4
       2
       3
       3
       8
       3
       4
       3
       4
       3
       3
       3
       3
       7
       5
       1
       8
       6
       7
       3
       7
       1
       8
       3
       3
       2
       1
       3
       3
       4
       1
       3
       2
       2
       3
       2
       0
       0
       0
       2
       0
       1
       0
       0
       0
       0
       0
       0
       0
       0
       0
       0
       0
       0
       0
       0
       0
       1
       0
       0
       0
       0
       0
       0
       1
       0
       0
       0
       0
       0
       0
       0
       0
       0
       1
       0
       0
       0
       0
       0
       0
       1
       0
       0
       0
       0
       0
       0
       0
       1
       1
       0
       0
       0
       0
       1
       0
       0
       0
       0
       0
       0
       1
       0
       0
       0
       1
       0
       0
       2
       0
       0
       0
       0
       0
       0
       0
       0
       1
       0
       0
       0
       2
       0
       0
       0
       0
       0
       0
       0
       1
       0
       0
       0
       0
       0
       1
       0
       0
       0
       0
       0
       0
       0
       0
       0
       0
       0
       0
       0
       1
       0
       0
       1
       0
       0
       1
       0
       0
       0
       0
       0
       0
       0
       0
       0
       0
       0
       0
       0
       0
       0
       0
       0
       0
       0
       0
       0
       0
       0
       0
       0
       0
       0
       1
       0
       0
       0
       0
       0
       0
       0
       0
       0
       0
       0
       0
       0
       0
       0
       0
       0
       0
       0
       0
       0
       0
       0
       0
       0
       0
       0
       0
       0
       0
       0
       0
       0
       0
       0
       0
       0
       0
       0
       1
       0
       0
       0
       0
       0
       0
       0
       0
       0
       0
       0
       0
       0
       0
       0
       0
       0
       0
       0
       1
       0
       0
       0
       0
       0
       1
       1
       1
       0
       0
       0
       0
       0
       1
       0
       0
       0
       0
       0
       0
       1
       1
       0
       0
       0
       0
       0
       0
       0
       0
       0
       0
       0
       0
       0
       0
       0
       0
       0
       0
       0
       0
       0
       0
       0
       0
       0
       1
       0
       0
       0
       0
       0
       0
       0
       0
       0
       0
       0
       0
       0
       0
       0
       0
       0
       0
       0
       0
       0
       0
       0
       0
       0
       0
       0
       0
       0
       0
       0
       0
       0
       0
       0
       0
       0
       0
       0
       0
       0
       0
       0
       0
       0
       0
       0
       0
       0
       0
       0
       0
       0
       0
       0
       0
       0
       0
       0
       0
       0
       0
       0
       0
       0
       0
       0
       0
       0
       0
       0
       0
       0
       0
       0
       0
       0
       0
       0
       0
       0
       0
       0
       0
       0
       0
       0
       0
       0
       0
       0
       0
       0
       0
       0
       0
       0
       0
       0
       0
       0
       0
       0
       0
       0
       0
       0
       0
       0
       0
       0
       0
       0
       0
       0
       0
       0
       0
       0
       0
       0
       0
       0
       0
       0
       0
       0
       0
       0
       0
       0
       0
       0
       0
       0
       0
       0
       0
       0
       0
       0
       0
       0
       0
       0
       0
       0
       0
       0
       0
       0
       0
       0
       0
       0
       0
       0
       0
       0
       0
       0
       0
       0
       0
       0
       0
       0
       0
       0
       0
       0
       0
       0
       0
       0
       0
       0
       0
       0
       0
$ROI:
2
148 182
382 421
$PRESETS:
Live Time
2000
0
$ENER_FIT:
-26.163389 3.233024
$MCA_CAL:
3
-2.616339E+001 3.233024E+000 0.000000E+000 keV
$SHAPE_CAL:
3
7.928067E+000 2.986555E-002 0.000000E+000
