$SPEC_ID:
No sample description was entered.
$SPEC_REM:
DET# 8
DETDESC# PHY-NUCLAB-03 MCB 129
AP# Maestro Version 7.01
$DATE_MEA:
02/26/2024 08:59:03
$MEAS_TIM:
359 359
$DATA:
0 1023
       0
       0
       0
       0
       0
       0
       0
       0
       0
       0
       0
       0
       0
       0
       0
       0
       0
       0
       0
       0
       0
       0
       0
       0
       0
       0
       0
       0
       0
       0
     360
     747
     715
     689
     711
     665
     715
     697
     670
     626
     657
     610
     656
     599
     575
     612
     572
     556
     542
     509
     516
     511
     505
     500
     464
     431
     431
     429
     462
     415
     418
     399
     368
     339
     339
     352
     356
     340
     344
     338
     339
     293
     289
     312
     306
     302
     272
     271
     280
     260
     234
     229
     227
     217
     224
     191
     199
     221
     211
     212
     201
     184
     207
     173
     173
     158
     164
     140
     178
     139
     147
     124
     126
     142
     118
     121
     139
     104
     136
     115
     126
     119
      97
     123
     127
     104
      94
     103
      84
     109
      74
      85
      81
      85
      79
      54
      73
      63
      56
      61
      63
      70
      54
      73
      78
      58
      70
      53
      57
      64
      50
      42
      50
      55
      62
      51
      50
      52
      48
      40
      51
      52
      52
      50
      37
      65
      41
      61
      50
      43
      48
      46
      43
      38
      40
      46
      35
      46
      49
      38
      48
      43
      40
      42
      38
      42
      48
      42
      40
      37
      53
      36
      40
      30
      40
      52
      31
      28
      42
      33
      49
      49
      40
      31
      41
      39
      43
      31
      29
      30
      40
      33
      30
      26
      22
      30
      22
      22
      22
      20
      24
      29
      25
      29
      24
      29
      29
      26
      28
      17
      27
      18
      20
      15
      23
      15
      23
      32
      26
      21
      29
      28
      27
      23
      23
      18
      18
      25
      17
      17
      23
      20
      23
      24
      12
      18
      21
      20
      22
      17
      14
      15
      26
      20
      12
      25
      15
      19
      14
      14
      19
      10
      16
      16
      16
      14
      17
      10
      17
      18
      16
      15
      21
      18
      14
      21
      14
      18
      12
      18
      24
      15
      22
      17
      20
      20
      27
      20
      12
      17
      27
      17
      23
      19
      13
      17
      17
      15
      13
       9
      17
      14
      17
      15
      16
      23
      22
      19
      21
      15
      18
      13
      11
      15
      15
      15
      12
      14
      11
       9
      10
       8
      12
      13
      10
       6
       7
      13
      14
      13
      16
      14
       7
       4
       9
       9
      15
      13
      12
      13
      16
       7
      14
      12
       9
      14
      13
      25
      11
      16
       9
      10
      10
       9
       9
      13
      10
      13
       8
       9
      16
      10
      12
      13
      15
      10
      12
      11
      14
       8
       8
      11
      13
       8
      14
       7
      11
      15
      12
       7
       4
      10
       7
       9
       7
       7
      10
       9
       6
       5
      10
      10
       1
      12
       6
       3
       7
       6
       2
       6
       7
       1
       6
      11
       2
       6
      11
       8
       4
       7
       6
       2
       7
       8
       8
       8
       4
       2
      10
       4
       5
      10
      14
      10
       2
       6
       2
       7
       5
       6
      10
       6
       3
       5
       8
      15
       6
       7
      10
      15
      15
       8
      15
      17
      18
      14
      20
      25
      23
      23
      21
      19
      23
      21
      19
      17
      17
      18
      23
      14
      18
      14
      10
       9
      11
      11
       9
       7
       5
       6
       4
       5
       2
       4
       4
       2
       1
       2
       3
       0
       4
       6
       2
       4
       1
       4
       2
       4
       3
       5
       1
       1
       5
       3
       3
       0
       5
       0
       3
       2
       3
       3
       1
       0
       1
       3
       1
       0
       4
       4
       4
       2
       2
       2
       1
       3
       0
       1
       1
       3
       1
       3
       2
       4
       2
       1
       2
       3
       2
       0
       1
       3
       5
       3
       7
       0
       1
       2
       2
       5
       2
       1
       3
       3
       1
       1
       5
       3
       4
       3
       3
       4
       2
       3
       1
       1
       1
       4
       1
       2
       2
       0
       0
       2
       2
       1
       0
       2
       0
       2
       2
       2
       3
       2
       0
       1
       4
       2
       3
       4
       2
       2
       1
       1
       2
       3
       1
       3
       0
       0
       0
       2
       2
       1
       2
       1
       1
       1
       1
       2
       0
       3
       2
       3
       0
       2
       0
       3
       1
       1
       1
       2
       1
       1
       2
       0
       0
       0
       0
       1
       1
       1
       0
       1
       1
       3
       1
       1
       1
       1
       0
       1
       2
       0
       1
       2
       0
       2
       0
       2
       1
       3
       0
       4
       1
       0
       1
       1
       2
       3
       0
       0
       3
       0
       2
       2
       1
       1
       2
       1
       1
       2
       1
       3
       0
       2
       1
       0
       1
       0
       0
       0
       1
       1
       3
       0
       1
       1
       1
       0
       1
       1
       0
       0
       2
       1
       2
       3
       1
       2
       2
       0
       0
       2
       2
       1
       0
       0
       2
       0
       2
       2
       0
       3
       2
       0
       0
       1
       0
       1
       1
       0
       0
       1
       1
       0
       0
       1
       1
       0
       0
       0
       0
       0
       0
       1
       0
       0
       1
       1
       2
       0
       0
       1
       0
       1
       1
       2
       0
       0
       0
       0
       0
       0
       1
       0
       0
       0
       0
       0
       3
       2
       1
       1
       0
       0
       0
       0
       2
       0
       1
       1
       1
       1
       0
       0
       1
       1
       0
       1
       0
       1
       1
       1
       2
       0
       0
       2
       0
       1
       1
       1
       1
       2
       2
       2
       2
       1
       0
       2
       2
       2
       0
       0
       0
       1
       1
       3
       3
       2
       4
       1
       2
       2
       2
       0
       2
       0
       3
       4
       4
       2
       1
       1
       2
       2
       1
       1
       0
       1
       0
       1
       0
       1
       0
       0
       0
       0
       0
       1
       1
       0
       1
       0
       0
       0
       0
       0
       0
       0
       0
       0
       0
       1
       0
       0
       0
       2
       0
       0
       0
       1
       1
       0
       0
       1
       0
       0
       0
       0
       0
       1
       0
       0
       1
       0
       0
       0
       0
       0
       0
       0
       0
       0
       0
       0
       1
       0
       0
       0
       0
       0
       0
       0
       0
       0
       0
       0
       0
       0
       0
       0
       1
       0
       0
       0
       0
       0
       0
       0
       0
       0
       1
       0
       0
       0
       0
       0
       1
       0
       0
       0
       0
       0
       0
       0
       0
       0
       0
       0
       0
       0
       0
       0
       0
       0
       0
       0
       0
       0
       0
       0
       0
       0
       0
       0
       0
       0
       0
       0
       0
       0
       0
       0
       0
       0
       0
       0
       0
       0
       0
       0
       0
       0
       0
       0
       0
       0
       0
       0
       0
       0
       0
       0
       0
       0
       0
       0
       0
       0
       0
       0
       0
       0
       0
       0
       0
       0
       0
       0
       0
       0
       0
       0
       0
       0
       0
       0
       0
       0
       0
       0
       0
       0
       0
       0
       0
       0
       0
       0
       0
       0
       0
       0
       0
       0
       0
       0
       0
       0
       0
       0
       0
       0
       0
       0
       0
       0
       0
       0
       0
       0
       0
       0
$ROI:
2
404 446
448 485
$PRESETS:
Live Time
2000
0
$ENER_FIT:
0.000000 0.000000
$MCA_CAL:
3
0.000000E+000 0.000000E+000 0.000000E+000 
$SHAPE_CAL:
3
0.000000E+000 0.000000E+000 0.000000E+000
