$SPEC_ID:
No sample description was entered.
$SPEC_REM:
DET# 2
DETDESC# PHY-NUCLAB-02 MCB 129
AP# Maestro Version 7.01
$DATE_MEA:
02/10/2021 11:33:36
$MEAS_TIM:
199 201
$DATA:
0 2047
       0
       0
       0
       0
       0
       0
       0
       0
       0
       0
       0
       0
       0
       0
       0
       0
       0
       0
       0
       0
       0
       0
       0
       0
       0
       0
       0
       0
       0
       0
       0
       0
       0
       0
       0
       0
       0
       0
       0
       0
       0
       0
       0
       0
       0
       0
       0
       0
       0
       0
       0
       0
       0
       0
       0
       0
       0
       0
       0
       0
       0
       0
       0
       0
       0
       0
       0
       0
       0
       0
       0
       0
       0
       0
       0
       0
       0
       0
       0
       0
       0
       0
       0
       0
       0
       0
       0
       0
       0
       0
       0
       0
       0
       0
       0
       0
       0
       0
       0
       0
       0
       0
       0
       0
       0
       0
       0
       0
       0
       0
       0
       0
       0
       0
       0
       0
       0
       0
       0
       0
       0
       0
       0
       0
       0
       0
       0
       0
       0
       0
       0
       0
       0
       0
       0
       0
       0
       0
       0
       0
       0
       0
       0
       0
       0
       0
      13
     777
     853
     903
     922
     910
     958
     922
     923
     919
     945
     929
     922
     990
     931
     908
     933
     990
     893
     898
     924
     931
     880
     850
     839
     768
     844
     912
     811
     816
     832
     787
     692
     790
     783
     765
     783
     751
     755
     735
     654
     735
     728
     718
     764
     673
     727
     692
     677
     679
     681
     684
     693
     678
     607
     670
     628
     659
     649
     586
     601
     665
     658
     721
     672
     584
     660
     604
     623
     675
     630
     642
     622
     584
     519
     641
     594
     590
     556
     611
     591
     608
     613
     627
     590
     624
     606
     568
     610
     593
     590
     621
     601
     605
     572
     576
     534
     569
     565
     556
     605
     584
     568
     564
     564
     614
     567
     597
     561
     559
     546
     581
     555
     585
     581
     533
     571
     593
     554
     538
     530
     574
     571
     541
     581
     524
     574
     565
     544
     568
     515
     565
     532
     569
     522
     553
     564
     537
     490
     534
     547
     514
     545
     541
     499
     551
     538
     529
     544
     531
     544
     548
     513
     556
     532
     540
     473
     559
     524
     514
     541
     511
     489
     490
     533
     508
     500
     493
     525
     513
     519
     564
     523
     506
     523
     508
     487
     521
     517
     555
     533
     554
     506
     524
     508
     546
     514
     496
     551
     501
     539
     536
     535
     539
     519
     537
     528
     509
     531
     548
     513
     514
     567
     546
     548
     538
     581
     556
     590
     531
     565
     496
     502
     518
     527
     542
     548
     552
     539
     556
     506
     496
     606
     537
     527
     582
     507
     493
     529
     477
     515
     513
     533
     545
     501
     517
     497
     511
     529
     479
     486
     438
     491
     462
     490
     450
     462
     436
     471
     384
     386
     389
     409
     375
     390
     364
     380
     348
     345
     327
     312
     273
     292
     265
     304
     264
     228
     261
     272
     221
     222
     213
     223
     225
     217
     218
     200
     181
     181
     214
     199
     158
     204
     186
     185
     162
     164
     194
     183
     166
     166
     162
     166
     168
     152
     152
     149
     201
     140
     131
     162
     129
     133
     145
     144
     141
     133
     141
     134
     120
     111
     136
     142
     132
     116
     142
     123
     121
     128
     102
     125
     115
     138
     113
     117
     108
     113
     131
     111
     107
     119
     100
     122
     105
     106
     118
     119
      98
     110
      97
     125
     120
     127
     109
     113
     121
     109
     131
     112
      97
     119
     104
     128
     112
     100
     109
     123
     107
     130
     139
     127
     130
     139
     137
     117
     135
     157
     129
     130
     148
     150
     157
     159
     179
     175
     176
     178
     205
     209
     261
     236
     261
     300
     274
     344
     353
     383
     405
     450
     509
     517
     531
     589
     645
     723
     724
     818
     865
    1060
     981
    1115
    1296
    1295
    1396
    1440
    1573
    1719
    1809
    1781
    1974
    1996
    2139
    2308
    2465
    2479
    2589
    2781
    2809
    2981
    3051
    3117
    3105
    3165
    3237
    3320
    3365
    3372
    3336
    3375
    3374
    3284
    3298
    3191
    3092
    3090
    3074
    2915
    2771
    2696
    2566
    2416
    2440
    2201
    2130
    2046
    1894
    1798
    1655
    1463
    1398
    1328
    1237
    1108
    1046
     884
     856
     694
     648
     561
     492
     443
     406
     336
     315
     250
     266
     182
     172
     135
     129
     106
      86
      75
      78
      61
      60
      41
      35
      32
      21
      25
      17
      18
      19
      15
      22
      13
      10
      14
      12
      14
       9
      12
      16
      11
       6
       9
      10
      13
       7
       4
      11
      15
       9
      12
       8
      12
       7
       5
       7
      13
      13
      10
      11
       7
      12
      11
      11
      13
      15
      10
      16
      10
      11
      10
      10
      10
       9
      10
       9
      15
       7
      10
      10
      12
       7
      10
       7
       9
       8
       7
      12
      10
       6
      14
       9
      12
       8
       8
       8
       8
       5
      12
      10
       9
      15
      10
       8
       7
      13
       7
       4
      11
       6
       9
       4
       5
      10
       7
       0
      10
       6
       8
       7
       5
       8
      11
      11
       4
      12
       3
      12
       8
      15
       6
       7
      14
       3
       9
       8
       8
       8
       7
       8
       9
      10
       9
       6
       7
      10
       7
       7
      12
       3
       4
      11
       7
       8
       7
       4
       7
      10
       9
      10
       7
      10
       8
       5
       5
       2
       6
       4
       8
       7
      13
       9
      11
       9
       6
      13
      10
       6
       3
       6
      10
       9
       5
       8
       8
       9
       6
      11
       9
       2
       1
       9
      11
       5
       8
       4
       6
       8
       7
       7
       7
       7
       9
       7
       7
       7
       8
       4
       7
       4
      10
       5
       4
       6
       3
       8
       8
      13
       5
       7
       6
       2
       2
      12
      10
       8
       3
      10
       3
       5
       7
       4
       7
       6
       5
       4
       3
       8
      12
       2
       8
       7
       7
       3
       7
       4
       3
       7
       9
       4
       4
       6
       3
       9
       3
       3
       6
       4
       8
       7
       6
       4
       4
       9
       7
       6
       4
       6
       3
       5
       7
       7
       7
       5
      10
       4
       4
       2
       9
       6
       4
       6
       6
       2
       7
       5
       5
       7
       5
       4
       5
       2
       1
       7
       2
       3
       1
       7
       6
       7
       5
       6
       5
       0
       2
       2
       5
      10
      11
       3
       6
       5
       7
       7
       4
       5
       4
       4
       3
       6
       5
       0
       6
       6
       7
       8
       4
       4
       4
       4
       4
      10
       7
       8
       2
       6
       5
       6
       6
       7
       5
       6
       3
       3
       2
       4
       6
       5
       4
       3
       3
       3
       3
       3
       7
       7
       7
       9
       4
       6
       8
       5
       5
       4
       5
       6
       1
       6
       4
       7
       7
       8
       4
       2
       2
       7
       3
       6
       5
       3
       2
       5
       3
       6
       4
       4
       8
       3
       3
       2
       1
       6
       7
       5
       5
       7
       6
       4
       2
       6
       8
       5
       9
       5
       7
       2
       3
       2
       5
       6
       1
       6
       3
       4
       3
       2
       3
       2
       5
       1
       6
       3
       2
       3
       3
       2
       2
       3
       5
       4
       1
       3
       4
       2
       1
       5
       6
       3
       5
       3
       7
       4
       2
       5
       2
       7
       5
       3
       0
       1
       2
       4
       1
       8
       2
       4
       6
       4
       3
       3
       2
       6
       6
       3
       3
       5
       4
       5
       6
       3
       3
       3
       1
       6
       3
       3
       2
       0
       1
       3
       5
       0
       2
       2
       1
       0
       2
       2
       2
       3
       1
       1
       2
       2
       3
       3
       3
       3
       3
       2
       0
       3
       6
       0
       1
       4
       0
       2
       3
       4
       2
       2
       1
       2
       2
       4
       2
       0
       1
       2
       4
       3
       1
       2
       2
       2
       7
       5
       2
       6
       2
       2
       2
       2
       1
       2
       2
       5
       3
       2
       1
       4
       4
       3
       0
       4
       4
       3
       1
       2
       1
       0
       2
       2
       1
       4
       1
       3
       2
       1
       3
       1
       3
       1
       6
       3
       4
       1
       2
       2
       1
       3
       0
       3
       1
       1
       2
       3
       3
       1
       1
       3
       0
       1
       2
       1
       2
       3
       3
       0
       2
       1
       3
       4
       1
       3
       0
       0
       1
       2
       3
       2
       4
       2
       2
       5
       1
       1
       3
       2
       6
       2
       5
       2
       2
       5
       2
       2
       1
       5
       4
       6
       7
       4
       1
       3
       4
       4
       2
       3
       3
       5
       2
       3
       6
       3
       5
       8
       5
       5
       4
       4
       3
       4
       8
       2
       8
       3
       4
       5
       8
       9
       3
       7
       6
       5
       5
       7
       4
       5
       4
       3
       4
       6
       6
       4
       7
       8
       4
       4
       5
       3
       5
       5
       9
       5
       8
       1
       6
       1
       3
       7
       3
       2
       1
       2
       1
       1
       5
       3
       0
       2
       2
       1
       2
       6
       1
       2
       1
       3
       3
       3
       2
       3
       2
       2
       1
       1
       2
       1
       0
       0
       2
       1
       2
       1
       0
       0
       1
       2
       0
       0
       1
       0
       0
       0
       3
       1
       1
       0
       2
       2
       0
       2
       2
       2
       2
       2
       0
       1
       2
       2
       1
       2
       1
       1
       1
       0
       1
       1
       0
       1
       1
       0
       2
       1
       1
       0
       2
       0
       0
       0
       0
       0
       0
       2
       4
       0
       1
       0
       1
       0
       0
       0
       1
       1
       2
       0
       0
       0
       0
       1
       1
       2
       1
       1
       0
       0
       1
       0
       0
       1
       0
       0
       1
       0
       2
       0
       0
       1
       2
       1
       1
       0
       0
       1
       1
       1
       1
       1
       0
       0
       0
       0
       1
       1
       0
       1
       0
       0
       1
       0
       1
       0
       0
       0
       1
       0
       0
       0
       2
       0
       0
       0
       2
       0
       0
       0
       0
       0
       0
       1
       1
       0
       1
       2
       0
       1
       1
       0
       0
       1
       3
       2
       0
       1
       0
       0
       1
       2
       0
       1
       1
       0
       0
       0
       1
       0
       2
       1
       0
       0
       2
       0
       0
       0
       1
       1
       1
       0
       1
       1
       2
       0
       1
       1
       1
       1
       3
       3
       1
       1
       1
       1
       1
       1
       0
       0
       1
       1
       3
       0
       1
       1
       1
       0
       0
       0
       1
       0
       0
       2
       0
       2
       0
       2
       0
       1
       1
       1
       0
       3
       1
       0
       1
       0
       1
       0
       2
       0
       1
       1
       0
       2
       0
       1
       1
       0
       0
       4
       0
       0
       2
       0
       1
       0
       0
       0
       0
       1
       2
       0
       0
       0
       2
       1
       4
       2
       0
       1
       1
       0
       1
       0
       1
       3
       0
       0
       0
       2
       0
       2
       3
       0
       1
       0
       0
       0
       1
       0
       0
       1
       0
       0
       0
       1
       2
       0
       0
       1
       0
       1
       0
       2
       0
       1
       0
       0
       1
       0
       0
       1
       2
       0
       1
       0
       0
       0
       0
       0
       1
       0
       0
       0
       0
       1
       0
       0
       0
       0
       1
       1
       0
       1
       0
       1
       1
       0
       0
       0
       1
       0
       0
       0
       0
       0
       0
       0
       0
       0
       0
       0
       0
       0
       1
       0
       0
       1
       0
       0
       0
       0
       0
       2
       1
       1
       0
       0
       0
       1
       0
       0
       0
       0
       0
       0
       1
       1
       1
       0
       0
       0
       0
       1
       0
       2
       1
       0
       1
       1
       0
       0
       1
       0
       0
       1
       1
       0
       0
       1
       0
       0
       1
       1
       1
       1
       1
       1
       0
       0
       0
       0
       0
       0
       0
       0
       0
       0
       0
       0
       0
       0
       0
       0
       0
       1
       1
       0
       0
       0
       2
       0
       0
       0
       1
       0
       0
       2
       0
       1
       0
       1
       0
       0
       1
       0
       0
       0
       1
       1
       0
       0
       0
       0
       1
       0
       0
       0
       0
       0
       0
       0
       0
       0
       1
       0
       0
       1
       0
       0
       1
       0
       0
       0
       1
       0
       0
       0
       0
       0
       1
       0
       0
       0
       0
       0
       0
       2
       0
       0
       0
       0
       0
       0
       0
       1
       0
       0
       0
       0
       2
       0
       1
       0
       0
       2
       0
       0
       0
       2
       0
       1
       0
       1
       0
       0
       0
       0
       0
       0
       1
       0
       0
       0
       0
       0
       0
       0
       1
       0
       0
       0
       0
       2
       0
       1
       3
       0
       0
       0
       0
       0
       1
       0
       0
       1
       0
       1
       0
       0
       1
       1
       0
       1
       0
       0
       0
       0
       0
       0
       0
       0
       1
       0
       0
       0
       1
       0
       0
       2
       0
       1
       0
       0
       0
       3
       0
       0
       0
       1
       2
       1
       1
       0
       1
       0
       0
       1
       1
       0
       0
       0
       1
       0
       1
       0
       0
       0
       0
       0
       1
       1
       0
       0
       0
       0
       1
       0
       0
       1
       0
       1
       0
       1
       3
       0
       0
       2
       1
       0
       1
       1
       0
       1
       1
       1
       0
       0
       0
       0
       1
       0
       0
       0
       0
       0
       0
       0
       0
       1
       0
       0
       1
       0
       0
       0
       1
       1
       0
       0
       0
       0
       0
       0
       0
       0
       0
       0
       2
       0
       0
       0
       0
       0
       0
       0
       0
       0
       1
       0
       1
       1
       0
       1
       0
       1
       0
       0
       0
       0
       0
       0
       1
       0
       0
       0
       0
       0
       1
       0
       0
       0
       0
       1
       1
       0
       0
       0
       0
       0
       0
       1
       0
       0
       2
       0
       1
       0
       0
       1
       0
       0
       0
       0
       0
       1
       1
       0
       0
       0
       0
       0
       0
       0
       0
       0
       0
       0
       0
       0
       0
       0
       0
       0
       0
       0
       0
       0
       0
       0
       0
       0
       0
       0
       0
       0
       0
       0
       0
       0
       0
       0
       0
       0
       0
       0
       0
       0
$ROI:
0
$PRESETS:
None
0
0
$ENER_FIT:
-8.215019 1.172043
$MCA_CAL:
3
-8.215019E+000 1.172043E+000 0.000000E+000 keV
$SHAPE_CAL:
3
0.000000E+000 0.000000E+000 0.000000E+000
