$SPEC_ID:
No sample description was entered.
$SPEC_REM:
DET# 2
DETDESC# PHY-NUCLAB-02 MCB 129
AP# Maestro Version 7.01
$DATE_MEA:
02/10/2021 11:59:20
$MEAS_TIM:
200 201
$DATA:
0 2047
       0
       0
       0
       0
       0
       0
       0
       0
       0
       0
       0
       0
       0
       0
       0
       0
       0
       0
       0
       0
       0
       0
       0
       0
       0
       0
       0
       0
       0
       0
       0
       0
       0
       0
       0
       0
       0
       0
       0
       0
       0
       0
       0
       0
       0
       0
       0
       0
       0
       0
       0
       0
       0
       0
       0
       0
       0
       0
       0
       0
       0
       0
       0
       0
       0
       0
       0
       0
       0
       0
       0
       0
       0
       0
       0
       0
       0
       0
       0
       0
       0
       0
       0
       0
       0
       0
       0
       0
       0
       0
       0
       0
       0
       0
       0
       0
       0
       0
       0
       0
       0
       0
       0
       0
       0
       0
       0
       0
       0
       0
       0
       0
       0
       0
       0
       0
       0
       0
       0
       0
       0
       0
       0
       0
       0
       0
       0
       0
       0
       0
       0
       0
       0
       0
       0
       0
       0
       0
       0
       0
       0
       0
       0
       0
       0
       0
       6
     349
     375
     393
     430
     421
     393
     410
     413
     440
     437
     445
     457
     453
     454
     420
     408
     444
     424
     403
     366
     367
     433
     378
     363
     383
     399
     381
     334
     347
     367
     300
     326
     329
     312
     286
     317
     298
     296
     294
     270
     274
     280
     277
     277
     283
     276
     247
     265
     247
     261
     247
     241
     256
     229
     244
     267
     257
     280
     232
     229
     255
     235
     226
     232
     220
     207
     222
     238
     229
     221
     205
     222
     210
     223
     196
     224
     228
     231
     215
     239
     234
     204
     229
     218
     223
     210
     223
     208
     190
     211
     208
     207
     207
     216
     206
     176
     159
     186
     202
     174
     194
     204
     210
     198
     186
     196
     195
     185
     179
     188
     176
     157
     194
     182
     201
     180
     157
     190
     188
     184
     186
     174
     172
     169
     154
     148
     178
     155
     171
     153
     175
     154
     157
     139
     174
     148
     140
     164
     166
     132
     150
     148
     161
     156
     156
     140
     141
     135
     145
     142
     146
     138
     140
     132
     131
     150
     137
     151
     108
     121
     161
     154
     111
     156
     136
     147
     134
     150
     139
     121
     142
     121
     133
     130
     133
     145
     119
     135
     122
     122
     115
     132
     114
     132
     136
     115
     113
     121
     140
     129
     114
     134
     116
     140
     123
     132
     111
     130
     135
     114
     115
     102
     105
     128
     116
     110
     115
     114
     125
     135
     119
     129
     101
     127
     121
     102
     105
     119
     118
     117
     114
     118
     108
     105
     107
     126
     108
     120
     108
      98
      97
     115
     114
      99
      94
     116
     106
      99
      97
      93
     105
      93
      89
      91
      89
      88
      92
      92
      84
      73
      80
      61
      67
      81
      78
      76
      76
      63
      85
      56
      68
      58
      61
      77
      80
      62
      52
      47
      45
      54
      61
      50
      64
      51
      48
      40
      44
      53
      38
      44
      42
      37
      59
      45
      50
      46
      38
      34
      40
      42
      40
      47
      33
      43
      36
      39
      37
      39
      43
      32
      36
      35
      47
      52
      36
      47
      38
      25
      33
      35
      33
      24
      28
      27
      41
      28
      40
      28
      22
      39
      36
      30
      29
      28
      36
      35
      35
      35
      40
      32
      39
      39
      31
      31
      32
      32
      24
      32
      39
      38
      30
      36
      28
      34
      36
      23
      34
      27
      31
      29
      29
      35
      31
      23
      33
      31
      33
      37
      32
      36
      33
      33
      27
      29
      30
      36
      38
      31
      46
      34
      37
      45
      41
      48
      46
      49
      47
      50
      62
      65
      50
      86
      67
      70
      63
      77
      71
     100
     113
     114
     122
     122
     122
     129
     156
     180
     182
     187
     201
     224
     223
     254
     273
     289
     295
     278
     321
     343
     362
     375
     423
     420
     448
     415
     485
     493
     471
     503
     478
     515
     542
     505
     543
     586
     554
     528
     495
     502
     548
     508
     508
     501
     494
     451
     463
     451
     408
     392
     432
     381
     362
     321
     290
     277
     294
     291
     235
     239
     203
     178
     161
     142
     138
     135
     120
      93
      85
      74
      68
      67
      58
      60
      52
      37
      33
      31
      21
      23
      22
      21
      25
      12
      12
      15
      14
      14
       8
       7
      14
       9
       9
       6
       8
       7
       7
       4
       6
       5
       5
       6
       4
       4
       5
      10
      10
       8
       9
       6
       2
       7
       9
       5
      11
       7
       9
       3
      11
      10
       7
       4
       6
       5
       5
       2
       6
       5
       7
       7
       6
      11
       3
      10
       8
       5
       8
       3
       7
       3
       8
       4
       8
       8
      14
       5
       3
       2
       3
       5
       2
       7
       4
       3
       1
       9
       9
       6
       3
       6
       7
       5
       2
       3
       9
       9
       6
       5
       2
       3
       5
       3
       8
       2
       6
       5
       6
       8
       6
       6
       4
       5
       6
       7
       5
       5
       7
       7
       5
       9
       4
       6
       5
       7
       7
       7
       3
       2
       3
       4
       4
       5
       6
       5
       6
       2
       6
       6
       9
       3
       6
       1
       3
       3
       9
       2
       2
       5
       3
       4
       5
       7
       7
       2
       4
       7
      10
       7
       4
       9
       3
       3
       5
       3
       2
       5
       5
       6
       6
       6
       7
       4
       4
       5
       8
       8
       2
       8
       8
       6
      10
       5
       9
       2
       5
       6
       5
       4
       5
       5
       6
       3
       2
      10
       8
       3
       9
       4
       4
       4
       4
       3
       2
       8
       7
       6
       3
       4
      10
       2
       8
       9
       7
       3
       4
      10
       6
       4
       8
       5
       8
       4
       6
       6
       5
      10
      11
       4
       5
       4
       1
       6
       0
       2
       5
       4
       4
       4
       4
       7
       4
       9
       4
       0
       2
       7
       4
       5
       2
       4
       5
       2
       2
       3
       1
       0
       4
       3
       2
       2
       2
       4
       4
       5
       1
       2
       6
       2
       0
       3
       7
       2
       4
       5
       2
       7
       2
       4
       3
       3
       3
       7
       1
       3
       3
       2
       3
       4
       1
       2
       4
       6
       6
       5
       2
       3
       6
       4
       5
       2
       3
       0
       3
       5
       1
       2
       7
       4
       3
       4
       4
       5
       4
       6
       7
       8
       5
       2
       2
       3
       7
       4
       2
       4
       3
       5
       1
       4
       2
       3
       4
       4
       4
       3
       2
       5
       5
       3
       5
       5
       4
       3
       5
       2
       5
       2
       5
       2
       1
       3
       5
       5
       3
       6
       8
       2
       6
       6
       4
       0
       1
       3
       2
       3
       5
       4
       4
       2
       2
       4
       3
       3
       6
       1
       4
       1
       3
       2
       5
       1
       3
       2
       2
       1
       2
       4
       3
       2
       3
       3
       1
       2
       1
       4
       1
       4
       4
       1
       5
       3
       1
       4
       2
       2
       7
       3
       4
       1
       3
       4
       3
       3
       2
       5
      10
       3
       4
       2
       3
       3
       4
       1
       2
       5
       3
       2
       5
       4
       2
       2
       3
       1
       3
       5
       1
       4
       3
       2
       3
       0
       3
       1
       0
       4
       3
       0
       0
       2
       0
       1
       3
       1
       2
       3
       2
       4
       3
       3
       3
       3
       4
       0
       2
       1
       2
       1
       2
       3
       2
       3
       1
       0
       3
       1
       2
       1
       2
       1
       1
       1
       4
       0
       4
       4
       2
       2
       4
       1
       4
       1
       0
       5
       1
       1
       0
       2
       2
       0
       1
       0
       1
       1
       1
       0
       0
       1
       2
       2
       5
       3
       2
       0
       0
       3
       3
       1
       4
       2
       0
       2
       2
       1
       2
       0
       2
       1
       4
       0
       2
       2
       2
       3
       0
       1
       2
       1
       3
       1
       4
       1
       1
       0
       2
       1
       3
       1
       0
       2
       1
       0
       0
       1
       2
       3
       1
       1
       2
       0
       2
       3
       1
       2
       2
       0
       2
       1
       1
       1
       1
       4
       2
       1
       0
       1
       1
       1
       1
       2
       0
       0
       1
       2
       1
       3
       4
       0
       1
       2
       2
       7
       0
       2
       4
       3
       5
       3
       3
       2
       3
       4
       5
       2
       4
       3
       2
       2
       2
       4
       0
       2
       3
       3
       4
       2
       3
       6
       4
       5
       4
       2
       4
       6
       4
       6
       7
       3
       5
       1
       7
       7
       3
       3
       7
       6
       8
       7
       9
       9
       4
       5
       5
       6
       6
       3
       8
       5
      10
       7
      10
       2
       6
       4
       3
       7
       1
      12
       8
       2
       5
       4
       8
       4
       6
       7
       4
       4
       6
       4
       3
       3
       3
       3
       5
       0
       4
       3
       1
       5
       5
       5
       5
       1
       1
       2
       2
       4
       1
       3
       3
       1
       2
       1
       0
       1
       2
       2
       3
       0
       3
       1
       3
       0
       1
       1
       0
       3
       0
       1
       0
       0
       1
       2
       0
       0
       1
       1
       2
       0
       0
       0
       1
       2
       1
       0
       2
       0
       0
       0
       0
       0
       3
       0
       1
       1
       0
       1
       1
       2
       3
       0
       1
       1
       1
       0
       0
       0
       1
       1
       0
       1
       0
       2
       2
       0
       0
       0
       2
       0
       1
       2
       2
       2
       0
       1
       1
       0
       0
       0
       1
       2
       1
       1
       0
       1
       3
       2
       1
       0
       0
       1
       1
       1
       1
       2
       1
       0
       0
       0
       1
       0
       1
       0
       1
       1
       0
       0
       0
       0
       3
       2
       0
       0
       1
       2
       1
       0
       1
       1
       1
       0
       0
       2
       1
       0
       0
       1
       1
       0
       0
       1
       0
       0
       1
       0
       0
       0
       1
       0
       2
       0
       1
       0
       0
       0
       0
       0
       0
       2
       0
       0
       0
       0
       1
       0
       2
       1
       1
       1
       0
       0
       1
       2
       0
       0
       0
       0
       1
       0
       1
       2
       0
       0
       0
       1
       3
       0
       2
       1
       2
       0
       1
       2
       0
       0
       0
       2
       0
       0
       2
       0
       1
       1
       1
       0
       0
       2
       1
       0
       0
       0
       1
       1
       0
       0
       1
       1
       2
       2
       1
       0
       0
       1
       0
       2
       0
       1
       1
       1
       1
       0
       0
       1
       1
       0
       2
       1
       0
       0
       0
       1
       0
       0
       2
       0
       0
       1
       1
       3
       1
       0
       0
       0
       0
       0
       2
       1
       1
       2
       0
       1
       2
       0
       1
       2
       0
       0
       3
       1
       0
       0
       0
       0
       0
       0
       1
       0
       0
       1
       0
       0
       3
       0
       0
       0
       0
       2
       0
       0
       0
       1
       0
       0
       0
       0
       0
       1
       0
       1
       0
       0
       0
       0
       0
       0
       0
       0
       1
       0
       0
       1
       0
       0
       1
       0
       0
       1
       0
       1
       0
       1
       0
       0
       0
       0
       0
       0
       0
       1
       1
       0
       0
       0
       0
       0
       0
       0
       0
       2
       0
       1
       0
       2
       0
       1
       0
       0
       1
       0
       0
       0
       0
       0
       1
       1
       1
       0
       0
       2
       0
       0
       0
       2
       0
       2
       0
       0
       1
       0
       1
       0
       1
       0
       1
       0
       1
       2
       1
       0
       0
       1
       0
       0
       0
       0
       0
       1
       0
       0
       0
       0
       1
       0
       1
       2
       2
       1
       1
       0
       0
       0
       0
       1
       1
       0
       1
       0
       0
       0
       0
       0
       0
       0
       0
       0
       0
       0
       0
       0
       0
       0
       0
       0
       2
       1
       0
       0
       0
       0
       0
       1
       0
       1
       0
       0
       0
       0
       0
       1
       0
       0
       0
       0
       0
       0
       0
       0
       0
       0
       0
       0
       2
       1
       0
       0
       0
       0
       0
       0
       0
       0
       0
       0
       0
       0
       1
       0
       0
       0
       2
       0
       1
       0
       0
       0
       1
       0
       1
       0
       0
       0
       0
       0
       1
       2
       0
       0
       1
       0
       0
       0
       0
       1
       1
       1
       0
       1
       0
       0
       0
       0
       1
       0
       0
       0
       2
       2
       0
       2
       0
       1
       1
       0
       0
       1
       1
       0
       1
       0
       0
       0
       1
       0
       1
       0
       1
       1
       0
       0
       0
       0
       0
       0
       0
       0
       0
       0
       0
       1
       0
       0
       0
       0
       1
       0
       0
       1
       0
       2
       0
       0
       1
       0
       0
       1
       0
       0
       2
       0
       0
       1
       0
       0
       0
       1
       0
       0
       0
       0
       1
       0
       0
       0
       0
       0
       0
       0
       0
       0
       1
       0
       0
       0
       1
       1
       0
       0
       1
       0
       0
       2
       0
       0
       0
       1
       0
       1
       0
       0
       0
       0
       1
       0
       2
       0
       0
       0
       0
       0
       0
       0
       0
       0
       0
       2
       2
       0
       0
       0
       2
       0
       0
       2
       0
       0
       0
       1
       0
       1
       0
       0
       0
       2
       0
       0
       0
       0
       0
       0
       0
       0
       1
       1
       0
       0
       0
       0
       0
       0
       0
       0
       0
       0
       1
       2
       0
       1
       1
       3
       0
       0
       1
       1
       0
       0
       0
       0
       0
       0
       0
       0
       0
       0
       0
       0
       0
       2
       0
       0
       0
       1
       0
       1
       0
       0
       1
       0
       1
       0
       0
       1
       0
       1
       0
       0
       0
       0
       0
       0
       0
       0
       0
       0
       2
       0
       1
       0
       0
       0
       1
       0
       0
       0
       0
       0
       0
       0
       0
       0
       0
       0
       0
       0
       0
       1
       0
       1
       0
       1
       0
       0
       0
       0
       0
       0
       0
       0
       0
       0
       0
       0
       0
       0
       0
       0
       0
       0
       0
       0
       0
       0
       0
       0
       0
       0
       0
       0
       0
       0
       0
       0
       0
       0
       0
$ROI:
0
$PRESETS:
None
0
0
$ENER_FIT:
-8.215019 1.172043
$MCA_CAL:
3
-8.215019E+000 1.172043E+000 0.000000E+000 keV
$SHAPE_CAL:
3
0.000000E+000 0.000000E+000 0.000000E+000
