$SPEC_ID:
No sample description was entered.
$SPEC_REM:
DET# 2
DETDESC# PHY-NUCLAB-02 MCB 129
AP# Maestro Version 7.01
$DATE_MEA:
02/10/2021 11:20:16
$MEAS_TIM:
197 201
$DATA:
0 2047
       0
       0
       0
       0
       0
       0
       0
       0
       0
       0
       0
       0
       0
       0
       0
       0
       0
       0
       0
       0
       0
       0
       0
       0
       0
       0
       0
       0
       0
       0
       0
       0
       0
       0
       0
       0
       0
       0
       0
       0
       0
       0
       0
       0
       0
       0
       0
       0
       0
       0
       0
       0
       0
       0
       0
       0
       0
       0
       0
       0
       0
       0
       0
       0
       0
       0
       0
       0
       0
       0
       0
       0
       0
       0
       0
       0
       0
       0
       0
       0
       0
       0
       0
       0
       0
       0
       0
       0
       0
       0
       0
       0
       0
       0
       0
       0
       0
       0
       0
       0
       0
       0
       0
       0
       0
       0
       0
       0
       0
       0
       0
       0
       0
       0
       0
       0
       0
       0
       0
       0
       0
       0
       0
       0
       0
       0
       0
       0
       0
       0
       0
       0
       0
       0
       0
       0
       0
       0
       0
       0
       0
       0
       0
       0
       0
       0
      11
    1111
    1294
    1370
    1314
    1361
    1411
    1361
    1390
    1396
    1482
    1464
    1488
    1494
    1394
    1469
    1467
    1456
    1483
    1397
    1421
    1424
    1438
    1377
    1357
    1380
    1316
    1329
    1321
    1295
    1162
    1267
    1198
    1289
    1187
    1167
    1185
    1245
    1160
    1126
    1113
    1078
    1139
    1170
    1078
    1073
    1078
    1075
    1044
    1062
    1081
    1002
    1096
    1120
    1075
    1071
    1074
    1110
    1023
     990
    1085
    1054
    1038
    1030
    1011
    1001
     998
    1082
    1067
     973
    1010
     991
     985
     966
     959
    1012
     944
     994
     965
    1015
    1017
    1041
     979
     976
     978
    1008
     954
     950
     985
     935
     957
     961
     955
     978
     953
     956
     935
     975
     968
     989
     920
     940
     988
     937
     930
     961
     899
     895
     891
     896
     947
     958
     912
     889
    1008
     966
     943
     982
     907
     897
     966
     927
     914
     918
     924
     957
     928
     895
     914
     942
     957
     926
     840
     931
     920
     925
     925
     910
     926
     910
     916
     913
     963
     912
     940
     949
     892
     868
     936
     940
     932
     875
     931
     942
     937
     888
     934
     876
     933
     932
     922
     911
     935
     926
     905
     873
     924
     913
     924
     930
     902
     885
     888
     920
     886
     868
     870
     900
     906
     948
     943
     914
     969
     915
     960
     900
     971
     922
     930
     879
     943
     891
     956
     927
     904
     964
     851
    1012
     908
     939
     878
     971
     962
     990
     950
     973
     997
     923
     913
     959
     968
     948
     937
     882
     929
     939
     952
     931
     967
     955
     955
     990
     961
     964
     964
     989
     903
     932
     945
     967
     912
     915
     926
     988
     880
     896
     946
     880
     904
     905
     898
     821
     864
     818
     806
     802
     823
     752
     796
     757
     745
     706
     709
     687
     696
     670
     660
     620
     637
     583
     533
     522
     557
     548
     481
     471
     485
     454
     438
     443
     409
     417
     410
     383
     378
     402
     372
     349
     338
     362
     355
     334
     300
     293
     310
     330
     309
     303
     278
     308
     289
     277
     250
     276
     276
     286
     298
     226
     239
     289
     252
     257
     252
     276
     243
     230
     252
     233
     238
     213
     248
     210
     253
     220
     210
     224
     202
     201
     225
     251
     221
     182
     190
     229
     195
     190
     202
     202
     196
     251
     218
     202
     214
     200
     197
     191
     205
     178
     197
     169
     201
     199
     204
     224
     216
     207
     189
     206
     196
     208
     187
     164
     173
     193
     206
     198
     232
     198
     202
     218
     210
     213
     198
     200
     220
     248
     225
     238
     243
     274
     253
     262
     286
     225
     304
     310
     333
     321
     380
     380
     420
     447
     508
     530
     573
     580
     629
     683
     758
     828
     919
     961
    1059
    1160
    1248
    1305
    1417
    1522
    1762
    1785
    1907
    2114
    2268
    2430
    2576
    2793
    2835
    3077
    3309
    3355
    3715
    3765
    3898
    4333
    4343
    4544
    4838
    4934
    4992
    5126
    5270
    5666
    5682
    5685
    5970
    5850
    6019
    5920
    5962
    5948
    5721
    5967
    5648
    5752
    5591
    5477
    5311
    5082
    4865
    4708
    4475
    4299
    4220
    3990
    3723
    3514
    3445
    3029
    2824
    2585
    2387
    2177
    2049
    1840
    1774
    1486
    1353
    1191
    1088
     991
     857
     787
     647
     554
     516
     455
     446
     317
     282
     242
     211
     184
     142
     114
     100
      90
      90
      73
      63
      55
      44
      45
      41
      39
      25
      26
      43
      22
      24
      24
      18
      28
      21
      21
      22
      14
      20
      22
      16
      16
      26
      17
      12
      19
      16
      23
      22
      18
      12
      19
      19
      24
      20
      19
      16
       9
      21
      11
      14
      16
      11
      12
      14
      20
      19
      19
      18
      14
      19
      11
      20
      14
      23
      14
      19
      14
      23
      18
      17
      16
      15
      16
      20
      14
      10
      15
      21
      18
      20
      17
      11
      14
      12
      15
       6
      14
      12
      12
      23
      17
      15
      18
      14
      18
      20
       8
      11
      11
      18
      12
      15
      14
      10
      14
      16
      13
      19
       8
      14
      12
      21
      16
      14
      14
      15
      14
      15
       4
      17
      11
      11
      22
      18
      14
      17
      16
       8
      18
       9
      11
      14
      18
      24
      10
      11
      18
      19
      12
      11
      15
      16
      14
      11
       8
      13
      10
      15
      11
      10
      14
      12
       7
       8
      15
      12
      17
       8
      12
      15
      15
       9
      18
      13
      16
      19
      11
      15
      17
      17
       9
       9
      17
       9
       9
      13
      15
      12
       9
       8
      15
      20
      12
      17
      21
      12
      15
      12
       9
      13
       7
       9
       7
      11
      11
       9
       5
      11
       9
       6
      16
      11
      12
       8
      15
      11
       9
      10
       8
      13
      14
      11
      14
       8
       9
       9
      10
      12
      14
      12
       9
       9
       9
       8
       9
      15
       7
      11
      11
      13
      12
      11
       9
      10
      11
       3
      12
       7
       7
       7
       9
      11
      13
       6
       9
       7
       6
      12
       6
       7
       9
       8
       6
      14
       6
      14
       7
       3
      10
       6
       9
      11
      14
       8
      10
      11
      10
       9
       8
      10
      13
       7
       8
       9
      10
      10
       7
      11
       5
       5
      12
      11
       9
       4
       7
      13
      14
       5
      10
       6
       9
       7
       9
      12
       3
       5
      12
       8
      12
       8
       8
       5
      11
      11
      11
       5
      14
      12
       4
       7
      14
      14
      14
       6
       8
       9
       6
      10
       8
       6
       9
       5
       7
       7
       8
       9
       7
       6
       6
       3
       9
       8
       6
       7
       8
       6
       8
      10
       6
       8
       6
       5
      10
      12
      10
       6
       6
       9
       8
       7
       2
       1
       8
       5
       5
       5
      11
       9
       7
       8
       5
       9
       5
       5
      10
       9
       5
       4
       5
      10
       7
       8
       4
       7
       7
       6
       9
       8
       4
       7
       9
       3
       3
       5
       8
       7
       4
       2
       9
       6
       3
       4
       7
       8
       6
       6
       5
       6
       6
       9
       2
      10
       7
       6
       6
      10
       7
       3
       7
       5
       7
       6
       7
       4
       6
       4
       5
       2
       6
       3
       6
       5
       4
       9
       5
       2
       6
       3
       3
       4
       3
       4
       9
       5
       3
       3
       6
       7
       3
       5
       4
       4
       8
       2
       5
       6
       3
       7
       3
       0
       4
       7
       5
       1
       3
       5
       3
       2
       4
       4
       4
       6
       7
       2
       3
       7
       6
       7
       8
       6
       3
       4
       3
       3
       3
       3
       1
       3
       2
       5
       7
       4
       6
       1
       3
       6
       4
       4
       5
       5
       3
       4
       1
       4
       2
       2
       7
       6
       4
       0
       7
       4
       4
       4
       4
       5
       7
       7
       3
       5
       7
       3
       3
       8
       3
       3
       3
       4
       8
       7
       8
       7
       2
       4
       5
       4
       5
       8
       1
       2
       5
       3
       4
       2
       5
       3
       6
       4
      12
       3
       4
       2
       9
       5
       2
       3
       6
       6
       4
       3
       4
       5
       6
       1
       0
       7
       7
       0
       2
       3
       2
       4
       3
       4
       2
       1
       6
       0
       2
       6
       1
       2
       3
       4
       1
       4
       4
       1
       2
       1
       4
       0
       3
       1
       5
       5
       1
       4
       4
       1
       3
       4
       4
       3
       3
       4
       6
       0
       6
       2
       7
       2
       1
       2
       3
       1
       5
       2
       4
       8
       4
       9
       7
       3
       7
       2
       5
       5
       5
       8
       7
       4
       8
       6
       8
       9
       5
       9
      12
       4
       6
       9
       5
       6
       2
       7
       7
       5
       8
       9
       6
       3
       6
       6
       4
       2
       4
       6
       4
       4
       5
       5
       7
       7
       4
       1
       7
       6
       6
       6
       5
       1
       3
       2
       6
       2
       2
       4
       7
       3
       2
       2
       0
       2
       0
       4
       2
       5
       1
       4
       1
       5
       1
       0
       3
       3
       1
       2
       3
       0
       2
       1
       1
       1
       3
       0
       1
       0
       1
       1
       2
       1
       1
       1
       2
       2
       0
       0
       1
       0
       0
       0
       1
       0
       1
       2
       2
       1
       0
       0
       0
       0
       0
       1
       0
       1
       0
       0
       1
       0
       1
       0
       1
       1
       1
       0
       0
       0
       0
       1
       0
       3
       1
       1
       1
       0
       1
       0
       0
       2
       0
       0
       0
       4
       0
       0
       0
       0
       1
       2
       0
       1
       0
       0
       0
       0
       2
       2
       1
       1
       0
       0
       1
       0
       0
       0
       2
       1
       1
       0
       0
       0
       2
       1
       0
       1
       0
       0
       1
       0
       0
       0
       1
       0
       0
       1
       1
       1
       1
       1
       0
       0
       1
       2
       0
       0
       0
       1
       0
       0
       1
       0
       1
       0
       2
       0
       1
       0
       0
       1
       1
       0
       0
       0
       1
       0
       0
       2
       0
       1
       0
       1
       1
       0
       0
       0
       0
       0
       0
       1
       1
       1
       0
       1
       0
       1
       0
       1
       0
       1
       2
       1
       0
       0
       1
       1
       0
       0
       1
       0
       1
       1
       1
       0
       2
       1
       0
       4
       0
       1
       0
       0
       0
       0
       0
       0
       0
       1
       3
       1
       1
       0
       1
       0
       0
       1
       2
       0
       0
       2
       1
       0
       0
       1
       1
       0
       1
       3
       0
       1
       0
       0
       0
       0
       0
       0
       1
       2
       0
       1
       1
       0
       1
       0
       0
       2
       1
       0
       2
       1
       2
       2
       0
       0
       1
       1
       0
       1
       0
       0
       0
       1
       0
       0
       0
       2
       0
       1
       2
       1
       1
       0
       0
       0
       0
       0
       1
       1
       0
       1
       0
       1
       1
       1
       2
       0
       0
       1
       1
       0
       0
       0
       0
       0
       0
       0
       0
       1
       1
       0
       0
       0
       3
       1
       0
       1
       0
       0
       0
       1
       0
       0
       0
       1
       1
       0
       0
       0
       1
       0
       0
       1
       2
       2
       0
       0
       0
       2
       0
       0
       0
       1
       0
       0
       1
       2
       0
       1
       0
       0
       1
       1
       1
       0
       0
       0
       1
       0
       0
       1
       0
       0
       0
       0
       0
       1
       0
       1
       0
       0
       0
       0
       0
       0
       0
       1
       0
       0
       1
       2
       0
       0
       1
       0
       0
       0
       2
       0
       1
       1
       0
       1
       0
       0
       1
       1
       0
       0
       1
       0
       3
       1
       0
       0
       0
       0
       0
       1
       0
       0
       0
       0
       0
       0
       0
       1
       0
       1
       0
       0
       0
       0
       1
       0
       1
       0
       1
       0
       1
       1
       2
       0
       0
       2
       0
       0
       0
       0
       0
       0
       1
       0
       1
       0
       0
       0
       1
       0
       1
       0
       1
       0
       0
       0
       0
       0
       0
       2
       0
       0
       0
       0
       0
       0
       0
       0
       0
       0
       0
       1
       0
       1
       0
       0
       1
       0
       0
       0
       0
       0
       1
       0
       1
       0
       0
       1
       1
       1
       0
       1
       0
       2
       0
       0
       0
       0
       2
       0
       0
       0
       0
       0
       0
       0
       0
       0
       0
       0
       1
       0
       0
       0
       0
       0
       0
       0
       0
       0
       0
       0
       1
       1
       1
       0
       2
       0
       0
       1
       0
       0
       0
       0
       0
       2
       0
       0
       0
       0
       0
       0
       0
       1
       1
       1
       1
       0
       0
       1
       0
       0
       0
       2
       1
       0
       2
       0
       1
       1
       0
       0
       0
       1
       1
       0
       0
       0
       0
       0
       0
       0
       0
       0
       2
       2
       1
       0
       0
       0
       0
       1
       0
       1
       0
       1
       1
       0
       2
       1
       1
       0
       0
       0
       0
       0
       0
       0
       1
       0
       0
       0
       0
       0
       2
       1
       0
       0
       0
       1
       0
       1
       1
       0
       0
       0
       0
       0
       0
       2
       0
       0
       0
       0
       0
       0
       1
       1
       0
       0
       1
       0
       0
       1
       1
       2
       0
       1
       0
       1
       1
       0
       1
       1
       0
       1
       1
       0
       0
       0
       0
       0
       0
       0
       0
       0
       0
       1
       0
       0
       1
       0
       0
       0
       0
       0
       0
       1
       0
       1
       0
       1
       0
       1
       0
       0
       1
       0
       0
       0
       0
       0
       0
       0
       0
       0
       0
       0
       0
       0
       0
       0
       0
       1
       0
       0
       0
       0
       0
       1
       1
       0
       0
       1
       0
       0
       0
       0
       0
       1
       0
       0
       0
       0
       0
       0
       0
       1
       1
       0
       0
       0
       0
       0
       0
       1
       0
       0
       0
       0
       2
       0
       0
       0
       1
       0
       0
       0
       0
       0
       0
       0
       0
       0
       0
       0
       0
       0
       0
       0
       0
       0
       0
       0
       0
       0
       0
       0
       0
       0
       0
       0
       0
       0
       0
       0
       0
       0
       0
       0
       0
       0
       0
       0
       0
$ROI:
0
$PRESETS:
None
0
0
$ENER_FIT:
-8.215019 1.172043
$MCA_CAL:
3
-8.215019E+000 1.172043E+000 0.000000E+000 keV
$SHAPE_CAL:
3
0.000000E+000 0.000000E+000 0.000000E+000
