$SPEC_ID:
No sample description was entered.
$SPEC_REM:
DET# 2
DETDESC# PHY-NUCLAB-02 MCB 129
AP# Maestro Version 7.01
$DATE_MEA:
02/10/2021 11:25:01
$MEAS_TIM:
197 200
$DATA:
0 2047
       0
       0
       0
       0
       0
       0
       0
       0
       0
       0
       0
       0
       0
       0
       0
       0
       0
       0
       0
       0
       0
       0
       0
       0
       0
       0
       0
       0
       0
       0
       0
       0
       0
       0
       0
       0
       0
       0
       0
       0
       0
       0
       0
       0
       0
       0
       0
       0
       0
       0
       0
       0
       0
       0
       0
       0
       0
       0
       0
       0
       0
       0
       0
       0
       0
       0
       0
       0
       0
       0
       0
       0
       0
       0
       0
       0
       0
       0
       0
       0
       0
       0
       0
       0
       0
       0
       0
       0
       0
       0
       0
       0
       0
       0
       0
       0
       0
       0
       0
       0
       0
       0
       0
       0
       0
       0
       0
       0
       0
       0
       0
       0
       0
       0
       0
       0
       0
       0
       0
       0
       0
       0
       0
       0
       0
       0
       0
       0
       0
       0
       0
       0
       0
       0
       0
       0
       0
       0
       0
       0
       0
       0
       0
       0
       0
       0
       6
     884
    1035
    1033
    1022
    1124
    1127
    1102
    1118
    1152
    1150
    1181
    1192
    1091
    1124
    1114
    1103
    1089
    1141
    1092
    1151
    1140
    1062
    1116
    1089
    1061
    1007
    1038
    1055
     998
     979
     978
     979
     887
     934
     973
     899
     950
     866
     923
     875
     898
     843
     864
     860
     869
     881
     821
     837
     821
     832
     835
     860
     838
     788
     830
     802
     833
     814
     744
     845
     778
     787
     825
     795
     778
     799
     756
     781
     745
     784
     787
     784
     753
     782
     821
     759
     751
     789
     751
     804
     813
     778
     737
     731
     772
     733
     801
     722
     747
     735
     759
     768
     703
     734
     752
     696
     726
     764
     726
     774
     701
     719
     701
     695
     677
     708
     770
     729
     752
     721
     679
     719
     714
     721
     678
     652
     677
     689
     742
     642
     729
     726
     682
     645
     708
     705
     704
     693
     633
     705
     707
     701
     749
     708
     677
     687
     731
     706
     706
     716
     665
     731
     693
     698
     622
     680
     693
     646
     712
     685
     698
     687
     673
     697
     664
     689
     697
     649
     732
     683
     714
     722
     674
     722
     649
     679
     678
     637
     682
     658
     738
     663
     702
     695
     675
     652
     700
     675
     686
     685
     706
     621
     685
     673
     680
     700
     672
     674
     667
     652
     671
     748
     654
     706
     719
     681
     735
     707
     651
     685
     653
     711
     701
     729
     728
     679
     691
     754
     724
     675
     698
     712
     692
     682
     737
     666
     672
     701
     739
     696
     757
     711
     681
     690
     677
     676
     692
     702
     718
     705
     713
     751
     718
     711
     691
     660
     686
     663
     661
     649
     622
     674
     606
     611
     633
     640
     596
     604
     555
     559
     521
     525
     505
     439
     479
     462
     436
     443
     451
     403
     431
     374
     391
     382
     359
     339
     329
     366
     319
     318
     340
     325
     287
     299
     278
     289
     270
     274
     261
     258
     252
     238
     273
     240
     231
     223
     223
     249
     198
     242
     232
     212
     192
     217
     188
     199
     178
     211
     197
     186
     194
     191
     183
     179
     188
     178
     175
     205
     180
     153
     154
     166
     154
     157
     168
     176
     146
     175
     174
     146
     157
     152
     143
     153
     153
     155
     167
     129
     153
     179
     150
     164
     133
     150
     124
     149
     154
     144
     154
     157
     146
     145
     160
     136
     150
     137
     122
     157
     142
     120
     155
     147
     159
     168
     160
     168
     166
     159
     162
     168
     168
     176
     181
     155
     163
     185
     173
     184
     191
     194
     194
     187
     244
     250
     230
     235
     257
     280
     309
     297
     357
     358
     350
     401
     430
     514
     518
     536
     648
     683
     726
     738
     863
     941
    1047
    1116
    1147
    1294
    1403
    1511
    1586
    1765
    1853
    2020
    2052
    2181
    2375
    2455
    2660
    2781
    2987
    2966
    3183
    3310
    3501
    3679
    3751
    3850
    4009
    3994
    4092
    4178
    4240
    4353
    4423
    4343
    4428
    4340
    4330
    4428
    4327
    4266
    4222
    4085
    4064
    3834
    3759
    3620
    3538
    3427
    3234
    3103
    2835
    2753
    2484
    2364
    2222
    2134
    1848
    1788
    1589
    1507
    1346
    1193
    1066
     976
     868
     808
     706
     591
     555
     490
     472
     354
     307
     270
     246
     200
     171
     120
     113
     115
      99
      71
      58
      61
      41
      50
      40
      37
      20
      32
      31
      22
      17
      16
      15
      17
      13
      16
      12
      13
      15
      18
      14
      11
      13
      19
      18
      12
      10
      16
      13
      13
      13
      11
      18
      16
      14
      19
      12
       7
      13
      11
      13
      14
      16
       8
      16
      11
      13
      16
      15
      12
       9
      10
      11
      15
       8
      15
      12
      13
      10
      12
      15
      13
       7
       8
      12
       8
       7
      15
       9
      10
      10
      13
      11
       9
       8
       9
       8
      13
      15
       9
       7
      13
      10
      10
       7
      14
       9
       3
      13
       6
       8
      12
      13
       8
       4
      12
       9
       9
       8
      12
      16
      13
      15
       9
      15
       7
      15
      13
      14
       7
      10
       7
       8
       9
      12
       9
      15
      11
      10
       9
      14
       8
       8
      15
       7
      13
      13
      11
      11
       8
      10
       5
       7
       5
       6
      10
      10
      11
       9
      16
       8
      14
       5
       9
       8
       6
      16
      11
      10
      11
      10
      12
      10
       7
       6
       7
      14
       5
       8
       7
      11
      12
       7
      14
      12
       7
      11
       9
       9
      11
      11
       7
       9
      12
       7
       4
      14
      10
      11
      10
       7
       6
      11
       9
       8
      10
       6
       9
       8
       8
      13
      10
       6
       9
       6
       9
      10
       3
       7
       8
       6
      14
      10
      12
       5
       7
      11
      11
       7
       5
       7
       7
       8
       3
       8
       8
       6
       7
       5
       4
       6
       5
      11
       7
       9
       6
       7
       6
      13
      13
      12
       8
      11
      11
       6
       3
       6
       6
       3
      16
       5
       7
       5
       4
      12
       7
       8
       5
       3
       5
       7
       7
       5
       8
       7
       5
       4
       7
       7
       8
       6
       5
       5
       6
       4
       4
       5
      12
       8
      10
      11
       3
       6
       6
       8
       3
       6
       6
       5
       2
       3
       7
       5
       8
       9
       4
       9
       7
       4
       7
       8
      10
       5
       5
       8
       6
       4
       7
       6
      10
       5
       5
       5
       8
       8
       6
       5
       4
       2
       5
       6
       7
       5
       4
       9
      10
       7
       6
       6
       8
       9
       4
      10
       5
       5
       9
       7
       8
       5
       3
       8
       5
      12
       4
       4
       4
       8
       7
       6
       8
       6
       5
       5
       6
       5
       6
       5
       7
       3
       6
       6
       5
       6
       9
       2
       8
       5
       4
       7
      11
       4
       4
       6
       4
       7
       2
       6
       7
       2
       7
       3
       6
       9
       4
       8
       3
       4
       5
       4
       5
       5
       1
       5
       5
       6
       0
       6
       6
       5
       8
       3
       6
       2
       4
       4
       3
       5
       4
       5
       5
       6
       2
       3
       5
       4
       5
       7
       6
       2
       3
       5
       6
       4
       1
       7
       6
       1
       3
       3
       0
       3
       1
       2
       2
       4
       6
       4
       6
       3
       5
       4
       2
       1
       3
       1
       2
       5
       5
       2
       7
       6
       3
       2
       1
       5
       6
       4
       4
       4
       5
       4
       3
       3
       5
       1
       2
       7
       2
       5
       1
       3
       2
       5
       5
       2
       2
       6
       2
       7
       7
       3
       1
       2
       3
       4
       0
       3
       2
       1
       0
       4
       1
       3
       2
       1
       1
       1
       7
       3
       3
       1
       2
       3
       4
       2
       8
       3
       2
       7
       4
       3
       2
       2
       2
       2
       2
       5
       2
       4
       2
       0
       5
       4
       2
       2
       7
       3
       0
       6
       7
       4
       2
       2
       3
       2
       0
       3
       4
       4
       4
       7
       1
       3
       2
       4
       4
       0
       4
       5
       1
       4
       3
       1
       2
       0
       8
       4
       5
       2
       1
       2
       4
       2
       3
       3
       2
       3
       1
       5
       5
       3
       3
       1
       3
       8
       0
       2
       5
       2
       0
       1
       2
       1
       1
       7
       2
       3
       4
       4
       4
       2
       4
       4
       2
       3
       4
       3
       3
       2
       3
       0
       5
       2
       2
       4
       4
       4
       2
       5
       3
       5
       7
       3
       2
       6
       5
       4
       4
       7
       4
       7
       6
       5
       8
       5
      10
       5
       6
       3
       2
       5
       7
       8
       5
       3
       9
       8
       5
       7
       9
       5
       2
       5
       6
       4
       4
       3
       4
       3
       5
       6
       5
       5
       5
       7
       1
       4
       4
       3
       6
       8
       2
       4
       5
       6
       3
       0
       4
       2
       6
       5
       5
       2
       4
       4
       5
       1
       5
       5
       2
       5
       7
       2
       6
       4
       4
       0
       1
       1
       2
       2
       1
       0
       0
       1
       1
       1
       2
       1
       2
       2
       3
       1
       2
       1
       1
       1
       3
       1
       2
       2
       1
       0
       2
       0
       2
       0
       0
       2
       0
       2
       0
       3
       0
       0
       0
       1
       0
       0
       3
       2
       1
       0
       1
       2
       1
       0
       1
       0
       0
       1
       0
       0
       0
       0
       1
       0
       2
       3
       0
       1
       0
       0
       2
       0
       1
       1
       0
       0
       0
       0
       2
       1
       0
       0
       0
       1
       0
       2
       0
       0
       1
       1
       0
       0
       0
       1
       0
       0
       1
       0
       2
       0
       0
       0
       0
       0
       0
       0
       1
       0
       0
       0
       0
       0
       2
       0
       0
       1
       0
       0
       0
       1
       0
       0
       2
       2
       2
       0
       3
       0
       0
       2
       0
       1
       0
       1
       1
       1
       1
       1
       1
       3
       2
       1
       0
       0
       1
       0
       0
       0
       1
       2
       0
       1
       0
       0
       1
       1
       1
       5
       0
       0
       0
       0
       0
       1
       2
       2
       0
       0
       0
       1
       0
       0
       1
       0
       1
       3
       1
       1
       0
       1
       0
       1
       1
       1
       0
       0
       1
       1
       1
       0
       1
       1
       0
       1
       2
       0
       0
       0
       0
       1
       0
       0
       2
       0
       0
       0
       1
       1
       0
       0
       1
       3
       1
       0
       1
       1
       0
       0
       0
       0
       2
       0
       2
       0
       0
       0
       0
       1
       0
       0
       0
       2
       0
       1
       1
       0
       0
       0
       1
       0
       1
       1
       1
       0
       0
       0
       1
       1
       3
       1
       0
       0
       1
       0
       2
       0
       0
       0
       2
       1
       2
       0
       0
       0
       0
       0
       1
       1
       1
       1
       1
       0
       0
       0
       1
       1
       1
       0
       1
       1
       1
       0
       0
       0
       1
       1
       0
       0
       0
       1
       0
       1
       0
       0
       0
       0
       0
       0
       0
       1
       0
       1
       0
       1
       0
       0
       1
       1
       0
       0
       1
       0
       1
       2
       1
       1
       0
       0
       0
       0
       0
       0
       0
       2
       0
       0
       0
       2
       2
       1
       0
       0
       0
       1
       0
       1
       0
       0
       0
       0
       0
       0
       0
       0
       1
       0
       0
       0
       0
       0
       1
       0
       0
       0
       0
       0
       0
       0
       0
       0
       0
       0
       0
       0
       0
       0
       1
       1
       0
       0
       0
       0
       0
       0
       0
       1
       0
       0
       0
       0
       0
       0
       0
       1
       0
       0
       0
       0
       1
       0
       1
       0
       0
       1
       0
       0
       0
       1
       0
       1
       0
       1
       0
       0
       0
       0
       0
       1
       0
       1
       0
       0
       0
       0
       1
       0
       0
       0
       0
       0
       0
       0
       0
       0
       0
       0
       0
       0
       0
       0
       0
       0
       0
       0
       0
       0
       1
       0
       0
       0
       0
       0
       0
       0
       1
       0
       1
       0
       0
       2
       0
       0
       1
       0
       0
       0
       0
       0
       0
       0
       0
       1
       1
       0
       0
       0
       0
       0
       0
       0
       0
       0
       0
       1
       0
       0
       0
       0
       1
       0
       1
       2
       0
       0
       0
       0
       0
       0
       0
       0
       0
       0
       1
       0
       0
       0
       0
       1
       0
       0
       1
       0
       0
       1
       0
       0
       0
       0
       1
       0
       0
       0
       0
       0
       1
       1
       0
       3
       2
       2
       0
       0
       1
       0
       1
       0
       0
       1
       0
       0
       0
       2
       0
       0
       0
       0
       2
       0
       0
       1
       1
       0
       0
       1
       2
       0
       1
       0
       0
       0
       0
       0
       0
       0
       1
       0
       0
       1
       0
       1
       1
       0
       0
       0
       0
       0
       0
       1
       0
       1
       1
       0
       0
       1
       1
       0
       0
       1
       0
       0
       0
       0
       0
       1
       1
       0
       1
       0
       0
       0
       0
       0
       1
       0
       0
       0
       1
       3
       1
       0
       1
       0
       0
       0
       0
       0
       0
       2
       0
       1
       0
       0
       0
       0
       1
       0
       0
       0
       0
       0
       0
       0
       0
       0
       0
       0
       1
       0
       0
       0
       0
       0
       0
       0
       1
       1
       0
       0
       0
       1
       1
       0
       0
       0
       0
       3
       0
       0
       0
       0
       0
       0
       1
       1
       0
       2
       2
       0
       0
       0
       0
       1
       0
       0
       0
       1
       0
       0
       0
       0
       0
       0
       0
       0
       0
       2
       0
       1
       0
       0
       0
       0
       0
       0
       0
       0
       0
       0
       0
       0
       0
       0
       0
       0
       1
       0
       0
       0
       1
       0
       0
       0
       0
       0
       0
       0
       0
       0
       0
       0
       0
       0
       0
       0
       0
       1
       0
       1
       0
       0
       0
       0
       0
       0
       0
       0
       0
       0
       0
       0
       0
       0
       0
       0
       0
       0
       0
       0
       0
       0
       0
       0
       0
       0
       0
       0
       0
       0
       0
       0
       0
       0
       0
       0
$ROI:
0
$PRESETS:
None
0
0
$ENER_FIT:
-8.215019 1.172043
$MCA_CAL:
3
-8.215019E+000 1.172043E+000 0.000000E+000 keV
$SHAPE_CAL:
3
0.000000E+000 0.000000E+000 0.000000E+000
