$SPEC_ID:
No sample description was entered.
$SPEC_REM:
DET# 2
DETDESC# PHY-NUCLAB-02 MCB 129
AP# Maestro Version 7.01
$DATE_MEA:
02/10/2021 11:15:51
$MEAS_TIM:
200 200
$DATA:
0 2047
       0
       0
       0
       0
       0
       0
       0
       0
       0
       0
       0
       0
       0
       0
       0
       0
       0
       0
       0
       0
       0
       0
       0
       0
       0
       0
       0
       0
       0
       0
       0
       0
       0
       0
       0
       0
       0
       0
       0
       0
       0
       0
       0
       0
       0
       0
       0
       0
       0
       0
       0
       0
       0
       0
       0
       0
       0
       0
       0
       0
       0
       0
       0
       0
       0
       0
       0
       0
       0
       0
       0
       0
       0
       0
       0
       0
       0
       0
       0
       0
       0
       0
       0
       0
       0
       0
       0
       0
       0
       0
       0
       0
       0
       0
       0
       0
       0
       0
       0
       0
       0
       0
       0
       0
       0
       0
       0
       0
       0
       0
       0
       0
       0
       0
       0
       0
       0
       0
       0
       0
       0
       0
       0
       0
       0
       0
       0
       0
       0
       0
       0
       0
       0
       0
       0
       0
       0
       0
       0
       0
       0
       0
       0
       0
       0
       0
       4
     281
     370
     344
     317
     361
     330
     336
     362
     362
     372
     341
     334
     361
     344
     344
     339
     389
     334
     319
     281
     311
     312
     343
     319
     351
     310
     268
     281
     254
     233
     261
     246
     247
     234
     245
     242
     211
     224
     216
     211
     218
     205
     209
     199
     165
     172
     195
     185
     174
     175
     174
     156
     191
     187
     180
     188
     171
     171
     196
     154
     165
     176
     191
     173
     144
     156
     140
     163
     188
     156
     159
     160
     166
     167
     166
     142
     150
     160
     140
     136
     142
     168
     156
     122
     155
     149
     147
     134
     147
     148
     148
     146
     167
     139
     140
     124
     123
     134
     122
     120
     149
     123
     130
     123
     131
     119
     116
     123
     114
     116
     108
     111
     121
     102
     132
     106
     104
     124
     104
      91
     117
     114
     108
     101
      92
      97
      96
      90
     109
      97
      84
      90
      98
      84
      74
      84
      72
      81
      92
      89
      82
     101
      79
      94
      95
      94
      92
      74
      83
      89
      63
      82
      72
      64
      71
      76
      81
      64
      68
      71
      79
      65
      67
      72
      72
      67
      64
      74
      78
      57
      55
      83
      62
      73
      41
      63
      55
      59
      59
      50
      57
      56
      54
      64
      57
      49
      61
      49
      64
      45
      55
      62
      43
      55
      67
      54
      61
      48
      56
      49
      54
      40
      64
      59
      44
      41
      54
      38
      49
      50
      48
      38
      49
      47
      36
      45
      44
      42
      45
      48
      45
      38
      46
      31
      49
      31
      31
      32
      33
      35
      54
      35
      35
      37
      40
      50
      35
      44
      43
      37
      40
      34
      34
      41
      35
      35
      33
      31
      43
      26
      34
      30
      27
      33
      39
      26
      27
      32
      20
      19
      22
      24
      33
      26
      30
      23
      18
      29
      19
      31
      24
      26
      28
      13
      19
      19
      18
      22
      18
      18
      13
      23
      22
      18
      21
      18
      26
      19
      24
      29
      19
      21
      21
      21
      22
      20
      23
      25
      13
      18
      11
      15
      15
      22
      19
      10
      17
      11
      12
      10
      17
      15
      15
      19
      11
      19
      13
      10
       9
      19
      11
      16
      11
      11
      11
      14
      22
      15
      26
      12
      12
      25
      17
      20
      18
      15
      16
      12
      10
      15
      13
      19
      16
      18
      17
      18
      15
      19
      13
      15
      11
      12
      19
      22
      29
      28
      16
      14
      11
      16
      21
      20
      14
      21
      17
      15
      22
      20
      22
      19
      23
      16
      21
      12
      16
      29
      23
      21
      15
      15
      20
      23
      28
      27
      28
      22
      31
      46
      32
      36
      36
      30
      34
      24
      25
      42
      52
      56
      49
      49
      58
      65
      55
      50
      69
      65
      73
      56
      77
      86
      53
      81
      76
      71
      81
      88
      77
      74
      79
      93
     109
      94
      98
      90
      89
      98
      96
      86
      76
      72
      72
      83
      81
      79
      76
      67
      66
      57
      53
      51
      59
      51
      39
      46
      39
      42
      38
      30
      31
      31
      22
      14
      24
      19
      18
      14
      15
       9
      10
      13
      15
      16
       8
       8
       9
       6
       4
       9
       3
       5
       3
       8
       5
       6
       6
       4
       7
       6
      11
       5
       7
      10
       6
       8
       8
       9
       9
       6
       8
       5
      13
       7
       5
       4
       8
       5
       9
       4
      10
       9
       3
      11
      10
       7
       1
       2
       5
       4
       5
       4
      10
      11
       1
       6
       5
       3
       5
       2
      11
       8
       7
       4
       7
       8
       4
       9
       6
       4
      10
       6
       2
       9
       2
       6
       3
       6
       5
       7
       4
       3
       1
       7
       1
       4
       8
       7
       5
       6
       1
       2
       7
       9
       7
       2
       8
       5
       6
       7
       4
       3
       5
       5
       4
       3
       6
       4
       4
       1
       5
       5
       7
       2
       4
       5
      10
       5
       3
       5
       5
       5
       5
       7
       6
       5
       8
       3
       2
       4
       7
       0
       1
       4
       7
       4
       2
      10
       3
       5
       3
       4
       2
       3
       2
       3
       7
       7
       8
       3
       6
       6
       5
       6
      11
       2
       4
       3
       3
       1
       6
       2
       4
       2
       4
       2
       6
       2
       3
       4
       1
       5
       6
       5
       8
       5
       5
       3
       9
       6
       4
       5
       8
       5
       2
      10
       4
       9
       6
       6
       4
       3
       5
       4
       4
       7
       6
       5
       4
       1
       3
       5
       3
       4
       4
       4
       3
       6
       6
       8
       6
       7
       5
       2
       8
       2
       3
       6
       8
       5
       7
       5
       6
       6
       4
       3
       3
       4
       2
       2
       5
       4
       6
       7
       5
       3
       7
       6
       5
       7
       2
       4
       3
       7
       8
       7
       6
       4
       4
       2
       2
       5
       1
       4
       5
       2
       5
       7
       6
       4
       3
       3
       5
       6
       4
       4
       3
       3
       2
       4
       1
       9
       3
       4
       6
       3
       4
       2
       3
       5
       3
       4
       9
       3
       4
       4
       4
       0
       1
       2
       4
       4
       2
       1
       3
       1
       6
       4
       2
       4
       6
       2
       2
       4
       6
       3
       5
       4
       4
       3
       6
       6
       3
       5
       5
       2
       3
       8
       1
       3
       3
       1
       4
       2
       3
       4
       7
       1
       5
       2
       4
       9
       7
       4
       2
       4
       3
       4
       2
       3
       2
       4
       4
       1
       2
       0
       5
       6
       4
       7
       3
       3
       5
       5
       5
       5
       1
       4
       6
       7
       2
       1
       3
       5
       4
       2
       9
       4
       5
       3
       3
       3
       5
       3
       4
       8
       5
       4
       4
       3
       5
       5
       4
       2
       6
       6
       2
       6
       4
       5
       4
       6
       5
       2
       2
       1
       4
       3
       6
       2
       3
       3
       2
       6
       4
       0
       4
       1
       2
       5
       1
       6
       2
       2
       5
       4
       5
       1
       4
       1
       3
       5
       2
       4
       7
       1
       3
       1
       2
       4
       1
       3
       6
       3
       1
       3
       1
       4
       2
       1
       1
       3
       2
       3
       2
       3
       3
       5
       1
       2
       0
       4
       0
       3
       4
       1
       2
       3
       1
       0
       1
       0
       3
       2
       6
       3
       1
       0
       2
       2
       2
       5
       3
       3
       4
       5
       0
       1
       1
       0
       2
       1
       1
       1
       3
       1
       5
       2
       2
       3
       2
       3
       0
       0
       0
       3
       1
       1
       1
       1
       1
       1
       1
       0
       2
       2
       3
       1
       2
       0
       2
       0
       2
       2
       2
       3
       0
       3
       2
       1
       2
       1
       0
       2
       0
       2
       1
       2
       1
       0
       1
       1
       4
       4
       4
       0
       1
       3
       2
       0
       0
       1
       2
       0
       0
       0
       2
       2
       2
       1
       0
       1
       0
       1
       1
       1
       2
       0
       1
       2
       2
       1
       0
       3
       0
       3
       1
       1
       2
       1
       1
       2
       1
       2
       5
       2
       2
       3
       6
       1
       4
       5
       6
       6
       0
       1
       2
       2
       3
       4
       2
       1
       1
       2
       5
       3
       2
       1
       3
       5
       7
       1
       2
       3
       1
       4
       1
       4
       1
       5
       8
       2
       0
       6
       4
       3
       4
       1
       8
       7
       4
       7
       3
       8
       8
       6
       3
       9
       5
      10
      11
       4
       5
       9
       6
       6
       5
      11
       3
       6
       4
       9
       5
       2
       4
       5
       7
       1
       4
       5
       9
       9
       9
       3
       5
       3
       4
       5
       3
       6
       4
       9
       3
       1
       5
       2
       4
       2
       3
       4
       2
       2
       4
       2
       5
       3
       0
       2
       1
       3
       3
       0
       3
       3
       1
       2
       1
       0
       2
       2
       0
       1
       2
       1
       2
       0
       2
       2
       1
       2
       1
       2
       0
       1
       0
       3
       0
       0
       1
       2
       1
       1
       1
       0
       1
       2
       0
       0
       1
       0
       2
       1
       2
       1
       1
       0
       2
       1
       2
       2
       0
       0
       0
       1
       0
       1
       1
       0
       0
       1
       0
       0
       1
       0
       3
       0
       0
       4
       0
       2
       2
       1
       0
       1
       0
       1
       1
       0
       0
       2
       1
       2
       0
       0
       1
       0
       1
       0
       1
       0
       1
       1
       1
       0
       1
       0
       0
       0
       0
       0
       0
       0
       1
       0
       1
       0
       1
       0
       0
       0
       0
       0
       1
       1
       1
       0
       0
       0
       1
       1
       3
       1
       0
       1
       0
       0
       0
       1
       0
       1
       0
       0
       0
       0
       0
       0
       1
       0
       0
       0
       3
       1
       1
       0
       0
       1
       0
       1
       0
       0
       0
       1
       0
       0
       1
       1
       1
       0
       1
       0
       1
       0
       1
       0
       0
       0
       3
       0
       1
       0
       0
       1
       0
       1
       2
       3
       0
       1
       0
       3
       0
       2
       1
       1
       1
       0
       0
       3
       1
       1
       1
       0
       1
       1
       0
       0
       1
       2
       1
       0
       0
       3
       0
       1
       0
       0
       0
       1
       1
       1
       1
       1
       2
       2
       1
       2
       1
       1
       0
       0
       2
       0
       1
       0
       2
       2
       0
       0
       0
       0
       0
       0
       2
       3
       1
       0
       0
       1
       0
       2
       0
       0
       0
       0
       1
       0
       0
       0
       0
       0
       0
       0
       1
       0
       1
       0
       1
       0
       1
       1
       1
       0
       0
       0
       0
       0
       0
       2
       0
       1
       0
       2
       0
       1
       0
       0
       1
       0
       0
       1
       1
       1
       1
       0
       1
       0
       0
       0
       0
       0
       1
       0
       0
       0
       1
       0
       0
       0
       0
       3
       1
       0
       2
       1
       0
       1
       0
       0
       0
       0
       0
       1
       0
       0
       1
       2
       0
       1
       1
       1
       0
       1
       0
       0
       0
       2
       1
       0
       1
       1
       0
       1
       1
       0
       0
       0
       0
       1
       0
       0
       0
       0
       0
       1
       0
       2
       1
       0
       0
       1
       0
       0
       0
       0
       0
       0
       0
       1
       0
       0
       0
       1
       0
       0
       1
       0
       1
       0
       0
       0
       1
       0
       1
       1
       1
       1
       0
       1
       0
       1
       0
       0
       0
       0
       0
       0
       0
       0
       0
       0
       0
       1
       0
       0
       0
       2
       0
       0
       1
       1
       1
       0
       0
       0
       0
       2
       0
       0
       0
       0
       0
       0
       2
       0
       0
       0
       0
       0
       1
       0
       1
       0
       0
       0
       0
       0
       0
       1
       0
       0
       2
       0
       0
       1
       0
       0
       0
       0
       0
       0
       1
       0
       0
       3
       0
       0
       0
       0
       0
       0
       0
       1
       0
       1
       1
       0
       0
       0
       0
       0
       0
       0
       0
       1
       0
       0
       2
       0
       1
       0
       0
       0
       1
       1
       0
       0
       0
       0
       0
       1
       1
       0
       1
       0
       0
       1
       1
       0
       0
       0
       0
       1
       0
       0
       1
       1
       0
       1
       1
       2
       0
       0
       1
       1
       2
       0
       1
       0
       0
       0
       1
       1
       0
       1
       1
       0
       2
       0
       0
       0
       0
       0
       0
       1
       0
       0
       1
       2
       0
       0
       0
       0
       0
       0
       0
       0
       1
       1
       0
       0
       0
       0
       0
       2
       0
       1
       0
       0
       0
       0
       0
       0
       0
       0
       0
       1
       0
       1
       0
       0
       0
       1
       0
       0
       0
       0
       0
       0
       0
       0
       0
       0
       0
       1
       1
       1
       0
       1
       0
       0
       0
       0
       0
       0
       0
       0
       1
       0
       0
       0
       1
       0
       0
       0
       1
       0
       3
       0
       0
       0
       0
       0
       0
       0
       2
       0
       0
       1
       0
       0
       0
       0
       0
       0
       0
       0
       1
       0
       1
       0
       0
       0
       0
       1
       1
       0
       0
       0
       0
       1
       1
       0
       1
       0
       1
       0
       0
       0
       1
       0
       0
       0
       0
       0
       0
       0
       1
       0
       0
       0
       0
       0
       1
       1
       0
       1
       1
       0
       0
       0
       1
       0
       0
       0
       0
       0
       1
       0
       0
       0
       0
       0
       0
       1
       0
       0
       0
       0
       0
       0
       0
       0
       0
       0
       0
       0
       1
       1
       1
       0
       1
       0
       1
       0
       0
       0
       0
       0
       0
       0
       0
       0
       0
       0
       0
       0
       0
       0
       1
       0
       0
       0
       0
       0
       1
       0
       0
       0
       1
       0
       0
       0
       0
       0
       0
       0
       0
       0
       0
       0
       0
       0
       0
       0
       0
       0
       0
       0
       0
       0
       0
       0
       0
       0
       0
       0
       0
       0
       0
       0
       0
       0
       0
       0
       0
       0
       0
       0
       0
       0
       0
       0
       0
$ROI:
0
$PRESETS:
None
0
0
$ENER_FIT:
-8.215019 1.172043
$MCA_CAL:
3
-8.215019E+000 1.172043E+000 0.000000E+000 keV
$SHAPE_CAL:
3
0.000000E+000 0.000000E+000 0.000000E+000
