$SPEC_ID:
No sample description was entered.
$SPEC_REM:
DET# 2
DETDESC# PHY-NUCLAB-02 MCB 129
AP# Maestro Version 7.01
$DATE_MEA:
02/10/2021 11:02:11
$MEAS_TIM:
200 200
$DATA:
0 2047
       0
       0
       0
       0
       0
       0
       0
       0
       0
       0
       0
       0
       0
       0
       0
       0
       0
       0
       0
       0
       0
       0
       0
       0
       0
       0
       0
       0
       0
       0
       0
       0
       0
       0
       0
       0
       0
       0
       0
       0
       0
       0
       0
       0
       0
       0
       0
       0
       0
       0
       0
       0
       0
       0
       0
       0
       0
       0
       0
       0
       0
       0
       0
       0
       0
       0
       0
       0
       0
       0
       0
       0
       0
       0
       0
       0
       0
       0
       0
       0
       0
       0
       0
       0
       0
       0
       0
       0
       0
       0
       0
       0
       0
       0
       0
       0
       0
       0
       0
       0
       0
       0
       0
       0
       0
       0
       0
       0
       0
       0
       0
       0
       0
       0
       0
       0
       0
       0
       0
       0
       0
       0
       0
       0
       0
       0
       0
       0
       0
       0
       0
       0
       0
       0
       0
       0
       0
       0
       0
       0
       0
       0
       0
       0
       0
       0
       6
     364
     418
     439
     432
     415
     465
     414
     420
     479
     455
     437
     434
     431
     439
     412
     399
     446
     458
     434
     404
     405
     433
     399
     399
     392
     359
     383
     339
     349
     340
     349
     298
     326
     324
     276
     333
     280
     318
     315
     295
     266
     278
     272
     272
     247
     284
     280
     269
     268
     267
     255
     262
     267
     243
     240
     247
     231
     268
     244
     250
     237
     234
     247
     264
     223
     207
     265
     244
     274
     227
     241
     229
     259
     212
     202
     246
     205
     220
     226
     258
     230
     240
     227
     230
     226
     207
     245
     238
     228
     221
     201
     225
     220
     197
     220
     215
     229
     194
     185
     182
     213
     215
     190
     233
     202
     205
     203
     207
     187
     182
     182
     189
     179
     186
     193
     179
     196
     203
     194
     162
     174
     178
     159
     178
     179
     195
     176
     187
     164
     158
     171
     169
     169
     161
     148
     152
     158
     172
     199
     165
     157
     181
     161
     150
     158
     178
     141
     168
     170
     160
     142
     151
     154
     182
     153
     154
     157
     143
     153
     170
     140
     138
     140
     149
     146
     145
     162
     145
     159
     145
     154
     154
     126
     121
     137
     146
     132
     134
     128
     131
     127
     142
     120
     127
     131
     131
     128
     129
     138
     130
     131
     134
     127
     148
     134
     124
     137
     158
     150
     118
     132
     118
     134
     137
     130
     135
     143
     140
     125
     119
     147
     128
     139
     129
     129
     113
     117
     130
     167
     140
     135
     110
     161
     128
      97
     115
     118
     126
     134
     139
     116
     118
     118
     112
     107
     111
     111
     124
     128
      92
     110
     114
     104
     123
     116
      90
      86
      95
      85
      88
      85
      84
      81
      80
      80
      75
      66
      64
      84
      76
      65
      64
      64
      60
      52
      58
      58
      58
      54
      56
      52
      52
      57
      55
      43
      45
      55
      64
      44
      44
      43
      38
      35
      30
      45
      46
      58
      55
      46
      38
      33
      39
      37
      28
      35
      45
      44
      41
      39
      36
      34
      44
      33
      31
      33
      47
      32
      37
      27
      32
      24
      35
      26
      35
      32
      38
      31
      22
      33
      33
      37
      27
      37
      29
      27
      33
      34
      34
      23
      25
      27
      28
      29
      36
      34
      24
      30
      30
      29
      30
      21
      32
      29
      25
      30
      28
      28
      18
      27
      28
      39
      27
      36
      41
      36
      42
      41
      39
      35
      42
      30
      37
      32
      21
      37
      28
      30
      41
      58
      51
      43
      50
      41
      61
      46
      56
      80
      58
      64
      75
      74
     100
      65
      88
      87
     110
     117
     118
     123
     134
     157
     171
     194
     190
     202
     221
     227
     231
     242
     297
     324
     310
     333
     351
     373
     408
     442
     475
     441
     483
     497
     529
     550
     530
     553
     606
     615
     595
     653
     674
     652
     690
     695
     704
     647
     671
     691
     645
     671
     694
     622
     618
     608
     564
     533
     578
     463
     496
     530
     476
     383
     398
     379
     333
     312
     283
     245
     268
     236
     198
     189
     169
     151
     118
     120
     100
     109
      67
      89
      69
      65
      52
      50
      41
      33
      32
      26
      18
      19
      18
      17
      15
      12
      20
      10
       6
       8
       9
       3
       2
       6
       9
      13
       8
       9
       8
       7
       2
       1
       8
       4
       7
       9
       2
      13
       4
       9
       8
      13
       5
       4
       5
       7
      10
       8
       8
       5
       5
       6
       5
       8
       8
       3
       3
       3
       5
      13
       3
       3
       3
       4
       6
       8
       8
       6
       3
       5
      13
       5
       3
       3
       4
       6
      10
       6
       2
       7
       6
       1
       5
       6
       8
       4
       2
       3
       9
       9
      12
       5
       9
       6
       7
       5
       3
       4
       6
       3
       6
       3
       7
       4
       6
       1
       3
       6
      11
       4
       3
       5
       8
       7
       4
       4
       4
       4
       8
       4
       4
       4
       8
       7
       8
       9
       3
       9
       6
       4
       9
       6
       8
       5
       3
       6
       4
       3
       4
       6
       5
       8
       7
       3
       7
       6
       5
       4
       5
       7
       5
       9
       3
       8
       9
       6
       4
       6
       3
       6
       3
       5
       4
       6
       4
       5
       2
       5
       8
       5
       3
       7
       2
       8
       7
       8
       6
       2
       0
       2
       4
       5
       8
       7
       5
       7
       6
       2
       2
       2
       3
       3
       6
       8
       6
       5
       5
       5
       3
       4
       7
       3
       2
       5
       7
       9
       6
       6
       5
       4
       6
       2
       3
       4
       4
       6
       4
       5
       4
       1
       4
       4
       2
       5
       7
       4
       3
       5
       3
       2
       7
       5
       6
       4
       6
       3
       0
       3
       6
       6
       4
       8
       2
       4
       2
       8
       4
       2
       4
       3
       4
       3
       4
       4
       5
       4
       3
       4
       2
       2
       6
       4
       6
       7
       1
       4
       1
       7
       4
       4
       3
       4
       3
       6
       0
       5
       2
       4
       2
       4
       4
       3
       4
       9
       4
       4
       2
       1
       3
       8
       3
       5
       2
       3
       2
       4
       3
       4
       2
       4
       6
       4
       6
       4
       5
       3
       4
       3
       1
       4
       5
       4
       7
       4
       3
       6
       2
       2
       4
       4
       2
       3
       6
       3
       6
       6
       3
       5
       4
       8
       4
       2
       0
       2
       5
       3
       2
       2
       3
       0
       4
       4
       3
       2
       4
       2
       3
       2
       4
       6
       3
       6
       6
       8
       3
       2
       3
       5
       5
       3
       5
       1
       3
       5
       2
       4
       4
       3
       1
       2
       6
       6
       1
       3
       2
       2
       7
       6
       8
       3
       3
       4
       5
       4
       5
       2
       2
       2
       6
       4
       8
       5
       4
       4
       2
       3
       5
       3
       2
       4
       8
       2
       4
       2
       3
       4
       5
       6
       3
       2
       4
       2
       3
       2
       2
       3
       2
       6
       4
       3
       1
       4
       5
       2
       5
       0
       1
       3
       3
       1
       1
       4
       2
       1
       4
       3
       1
       2
       3
       3
       3
       2
       6
       3
       5
       4
       4
       2
       5
       1
       4
       3
       5
       3
       1
       4
       0
       2
       4
       1
       4
       4
       3
       0
       0
       1
       4
       1
       2
       1
       3
       2
       5
       1
       0
       3
       1
       1
       1
       5
       2
       2
       2
       4
       6
       5
       1
       6
       1
       1
       2
       2
       1
       0
       0
       4
       1
       0
       0
       2
       3
       1
       1
       3
       4
       2
       0
       0
       1
       3
       1
       2
       0
       1
       2
       3
       3
       1
       1
       0
       2
       1
       3
       1
       4
       1
       1
       3
       2
       1
       1
       1
       0
       3
       1
       0
       2
       1
       1
       0
       0
       1
       1
       2
       2
       2
       1
       2
       2
       1
       0
       4
       2
       1
       2
       4
       2
       1
       3
       5
       2
       2
       0
       0
       2
       3
       0
       3
       1
       1
       3
       0
       1
       2
       2
       1
       1
       1
       3
       3
       1
       2
       3
       1
       3
       2
       4
       0
       4
       4
       1
       1
       2
       5
       1
       4
       2
       1
       2
       4
       4
       1
       2
       1
       3
       3
       3
       4
       5
       3
       3
       2
       6
       4
       2
       6
       2
       4
       2
       2
       5
       2
       3
       4
       5
       3
       6
       3
       3
       5
       7
       4
       8
       4
       5
       3
       4
       6
       9
       7
       5
       6
       8
      11
       6
       5
       7
       1
       8
       5
       5
       6
       7
       5
       2
       4
       8
       4
       6
       5
       4
       7
       8
       2
       3
       3
       5
       7
       5
       4
       3
       3
       8
       6
       2
       2
       1
       0
       2
       3
       2
       1
       3
       2
       0
       0
       1
       1
       0
       0
       3
       2
       1
       1
       2
       1
       2
       0
       1
       0
       0
       3
       1
       3
       0
       1
       0
       1
       1
       1
       1
       1
       0
       0
       1
       1
       0
       3
       1
       0
       1
       0
       0
       3
       0
       2
       0
       0
       0
       1
       1
       1
       1
       1
       0
       1
       0
       0
       1
       0
       0
       1
       0
       0
       1
       0
       1
       3
       2
       2
       0
       0
       1
       1
       1
       0
       3
       1
       1
       1
       0
       0
       0
       0
       1
       0
       0
       1
       0
       0
       0
       1
       1
       0
       1
       1
       2
       0
       0
       0
       0
       0
       1
       2
       0
       0
       0
       0
       0
       0
       0
       0
       0
       0
       0
       1
       0
       1
       0
       0
       1
       1
       4
       1
       1
       0
       1
       0
       2
       1
       0
       0
       1
       1
       0
       0
       1
       0
       0
       1
       0
       0
       0
       0
       1
       2
       0
       0
       0
       0
       0
       3
       2
       0
       0
       1
       0
       2
       0
       1
       1
       0
       1
       0
       1
       0
       0
       0
       0
       2
       0
       1
       0
       0
       1
       1
       1
       1
       0
       4
       2
       0
       0
       1
       1
       0
       0
       1
       0
       0
       0
       0
       0
       0
       0
       0
       2
       1
       0
       0
       0
       1
       2
       1
       2
       1
       0
       0
       2
       0
       0
       0
       3
       0
       0
       1
       2
       0
       1
       1
       1
       1
       1
       0
       0
       2
       1
       2
       0
       1
       0
       1
       2
       0
       1
       1
       2
       1
       4
       0
       0
       0
       0
       1
       0
       0
       0
       0
       2
       0
       0
       1
       0
       1
       0
       0
       0
       0
       0
       1
       0
       0
       0
       1
       0
       0
       1
       1
       1
       0
       0
       0
       2
       0
       0
       0
       0
       0
       2
       0
       2
       0
       0
       0
       1
       0
       0
       0
       0
       0
       0
       0
       0
       2
       0
       0
       1
       0
       0
       0
       0
       0
       1
       0
       0
       0
       0
       0
       0
       0
       0
       0
       1
       0
       0
       1
       0
       0
       1
       0
       0
       0
       0
       0
       0
       0
       0
       1
       0
       0
       0
       1
       0
       0
       0
       0
       0
       0
       0
       1
       0
       1
       1
       0
       1
       0
       0
       1
       1
       0
       0
       0
       0
       0
       1
       1
       0
       0
       2
       0
       0
       0
       0
       0
       0
       0
       1
       0
       0
       0
       1
       1
       0
       0
       0
       0
       0
       0
       0
       0
       0
       1
       2
       0
       0
       0
       1
       0
       0
       0
       1
       0
       0
       0
       0
       1
       1
       0
       0
       1
       1
       0
       0
       0
       0
       0
       0
       3
       0
       1
       0
       0
       0
       0
       0
       0
       0
       0
       1
       0
       0
       0
       1
       1
       0
       0
       1
       0
       0
       1
       0
       0
       0
       1
       0
       0
       2
       2
       0
       2
       0
       1
       1
       0
       1
       0
       0
       2
       1
       0
       1
       0
       0
       0
       1
       0
       2
       1
       0
       0
       1
       1
       0
       1
       0
       0
       0
       1
       1
       0
       0
       0
       0
       0
       0
       1
       0
       0
       1
       1
       0
       0
       0
       0
       0
       1
       0
       0
       1
       0
       0
       0
       1
       0
       1
       0
       0
       0
       1
       1
       0
       0
       0
       1
       0
       0
       1
       1
       2
       0
       0
       0
       0
       0
       0
       0
       0
       1
       0
       1
       0
       0
       1
       0
       0
       0
       0
       1
       0
       0
       1
       0
       1
       1
       0
       0
       0
       0
       1
       0
       3
       0
       0
       0
       0
       0
       0
       0
       0
       1
       1
       0
       0
       1
       1
       0
       1
       1
       0
       1
       0
       1
       2
       0
       1
       0
       0
       1
       0
       1
       0
       0
       0
       1
       0
       0
       0
       1
       0
       2
       0
       0
       0
       0
       0
       0
       0
       0
       0
       0
       1
       0
       0
       1
       0
       0
       1
       1
       0
       0
       0
       0
       0
       0
       0
       0
       0
       2
       0
       0
       1
       0
       0
       1
       0
       0
       1
       0
       0
       0
       0
       0
       0
       0
       0
       0
       1
       1
       0
       1
       1
       1
       0
       1
       1
       0
       0
       0
       0
       0
       0
       0
       0
       0
       0
       2
       0
       1
       0
       0
       0
       0
       0
       0
       0
       0
       1
       0
       0
       0
       0
       2
       0
       0
       0
       0
       0
       0
       2
       1
       0
       1
       0
       0
       0
       0
       1
       0
       0
       0
       0
       0
       0
       0
       1
       0
       0
       1
       0
       1
       0
       0
       1
       0
       0
       0
       0
       1
       1
       0
       0
       2
       0
       0
       0
       1
       0
       0
       2
       0
       0
       0
       0
       0
       1
       0
       0
       0
       0
       0
       0
       0
       0
       0
       0
       0
       0
       0
       1
       0
       0
       0
       0
       0
       0
       0
       0
       0
       0
       0
       0
       0
       0
       0
       0
       0
       0
       0
       0
       0
       0
       0
       0
       0
       0
       0
       0
       0
       0
       0
       0
       0
       0
       0
$ROI:
0
$PRESETS:
None
0
0
$ENER_FIT:
-8.215019 1.172043
$MCA_CAL:
3
-8.215019E+000 1.172043E+000 0.000000E+000 keV
$SHAPE_CAL:
3
0.000000E+000 0.000000E+000 0.000000E+000
