$SPEC_ID:
No sample description was entered.
$SPEC_REM:
DET# 2
DETDESC# PHY-NUCLAB-02 MCB 129
AP# Maestro Version 7.01
$DATE_MEA:
02/10/2021 11:55:16
$MEAS_TIM:
200 200
$DATA:
0 2047
       0
       0
       0
       0
       0
       0
       0
       0
       0
       0
       0
       0
       0
       0
       0
       0
       0
       0
       0
       0
       0
       0
       0
       0
       0
       0
       0
       0
       0
       0
       0
       0
       0
       0
       0
       0
       0
       0
       0
       0
       0
       0
       0
       0
       0
       0
       0
       0
       0
       0
       0
       0
       0
       0
       0
       0
       0
       0
       0
       0
       0
       0
       0
       0
       0
       0
       0
       0
       0
       0
       0
       0
       0
       0
       0
       0
       0
       0
       0
       0
       0
       0
       0
       0
       0
       0
       0
       0
       0
       0
       0
       0
       0
       0
       0
       0
       0
       0
       0
       0
       0
       0
       0
       0
       0
       0
       0
       0
       0
       0
       0
       0
       0
       0
       0
       0
       0
       0
       0
       0
       0
       0
       0
       0
       0
       0
       0
       0
       0
       0
       0
       0
       0
       0
       0
       0
       0
       0
       0
       0
       0
       0
       0
       0
       0
       0
       7
     411
     455
     457
     435
     448
     473
     422
     502
     454
     465
     473
     458
     461
     448
     478
     453
     472
     431
     443
     426
     442
     422
     412
     417
     407
     414
     418
     378
     367
     389
     342
     401
     367
     340
     311
     322
     297
     314
     303
     267
     315
     298
     304
     295
     291
     302
     269
     292
     279
     307
     287
     274
     262
     259
     305
     300
     274
     274
     251
     261
     280
     253
     282
     263
     245
     250
     277
     237
     270
     262
     265
     232
     245
     265
     250
     250
     206
     263
     247
     232
     239
     245
     260
     243
     265
     247
     249
     225
     231
     230
     253
     219
     230
     213
     208
     246
     207
     237
     232
     218
     225
     224
     194
     228
     219
     221
     217
     185
     208
     198
     193
     223
     209
     194
     171
     204
     193
     199
     205
     207
     197
     180
     197
     191
     187
     198
     204
     218
     214
     174
     158
     196
     183
     179
     184
     168
     194
     171
     187
     163
     179
     176
     155
     183
     171
     200
     186
     149
     193
     171
     180
     168
     172
     188
     170
     174
     200
     167
     176
     148
     155
     180
     180
     152
     165
     186
     156
     161
     161
     134
     152
     155
     145
     160
     167
     140
     180
     164
     152
     153
     140
     152
     158
     140
     148
     145
     160
     145
     162
     147
     151
     164
     150
     146
     159
     147
     142
     164
     172
     172
     187
     142
     142
     148
     143
     163
     153
     130
     154
     142
     146
     179
     166
     160
     147
     135
     141
     144
     154
     148
     130
     138
     122
     143
     128
     152
     138
     143
     127
     146
     145
     161
     114
     144
     153
     165
     139
     128
     128
     127
     139
     138
     142
     119
     123
      99
     120
     107
     102
     120
     112
     100
     105
      96
      95
      96
      94
      89
      80
      88
      71
      75
      64
      81
      92
      77
      80
      65
      72
      56
      62
      70
      70
      63
      63
      55
      63
      62
      59
      55
      46
      60
      50
      68
      50
      50
      49
      52
      64
      48
      55
      45
      54
      48
      53
      45
      67
      43
      49
      46
      32
      28
      41
      43
      42
      38
      39
      39
      43
      40
      51
      37
      46
      41
      38
      36
      26
      41
      42
      51
      46
      35
      40
      31
      39
      29
      48
      50
      43
      38
      31
      35
      35
      33
      34
      41
      30
      41
      29
      39
      34
      40
      46
      37
      38
      30
      40
      38
      35
      37
      35
      33
      44
      43
      24
      38
      35
      48
      41
      36
      45
      37
      48
      50
      39
      60
      50
      36
      43
      38
      34
      67
      44
      49
      52
      80
      66
      67
      66
      84
      87
      78
     109
      96
     105
     117
     101
     132
     135
     162
     158
     155
     177
     170
     243
     218
     217
     257
     236
     288
     356
     321
     339
     404
     400
     420
     479
     479
     497
     527
     532
     530
     599
     606
     623
     589
     635
     635
     710
     743
     733
     805
     763
     780
     709
     722
     738
     739
     720
     748
     751
     685
     670
     643
     635
     653
     607
     561
     535
     527
     479
     494
     416
     423
     381
     352
     355
     280
     282
     246
     234
     226
     196
     182
     150
     127
     103
     106
      99
      97
      73
      68
      62
      51
      41
      47
      43
      21
      36
      32
      31
      26
      10
      16
      11
      12
      13
       5
       9
       8
       3
       3
       6
      10
       9
       4
       7
       5
      10
       8
       3
       4
       4
       5
       7
       7
       4
      12
      15
       8
       8
       4
       5
      11
       2
       9
       4
       4
       3
       7
       6
       7
       7
       4
       6
       9
       5
       3
       5
       3
      10
       4
       3
       4
       6
       6
       6
      12
       9
       7
       5
       5
       7
      10
       6
       7
       6
       5
       6
       5
       6
       3
       5
       2
       1
       9
       8
       6
       4
       5
       3
       6
       3
       5
       6
       3
       9
       5
       2
       2
       6
       5
       3
      10
       3
       7
       7
       7
       9
       3
      11
       3
       6
       4
       7
       0
       6
       3
       6
       4
       1
       7
       1
       2
       6
       3
       3
       5
       7
       3
       6
       7
       7
       4
       6
       5
       6
       5
       5
       6
       3
       6
       8
       5
       7
       3
       9
       5
       4
       6
       4
       6
       4
       6
       6
       5
       4
       3
       6
       2
       3
       3
       3
       3
       7
       8
       5
       8
       3
       1
       4
       9
       9
       6
       8
       7
       4
       5
       4
       5
      10
       2
       5
       2
       9
       3
       7
       3
       7
       8
       4
       6
       6
       6
       6
       4
      10
       6
       3
       2
       2
       6
       3
      10
       4
       6
       4
       6
       8
      10
       5
       7
       2
       7
       5
       7
       8
       5
       4
       6
       4
       6
       1
       5
       2
       9
       5
       4
       5
       5
       2
       5
       1
       7
       4
       4
       3
       2
       4
       4
       6
       9
       7
       3
       1
       4
       3
       2
       5
       3
       1
       4
       4
       5
       8
       4
       7
       3
       6
       4
       2
       3
       3
       4
       5
       6
       1
       4
       2
       4
       4
       4
       2
       3
       4
       3
       4
       2
       4
       4
       4
       3
       3
       3
       0
       4
       9
       5
       4
       7
       4
       2
       2
       5
       0
       7
       8
       4
       5
       3
       6
       4
       4
       4
       2
       3
       4
       8
       5
       2
       4
       4
       2
       4
       3
       4
       3
       5
       0
       5
       3
       3
       2
       6
       5
       2
       5
       3
       6
       4
       4
       4
       3
       6
       5
       5
       3
       7
       5
       2
       2
       4
       2
       6
       8
       3
       4
       7
       8
       6
       3
       3
       5
       8
       5
       5
       2
       2
       0
       7
       5
       3
       3
       6
       3
       2
       2
       5
       3
       5
       2
       5
       6
       6
       0
       2
       4
       8
       7
       7
       4
       6
       6
       5
       5
       4
       2
       2
       2
       2
       6
       5
       3
       5
       1
       4
       3
       3
       3
       3
       6
       4
       1
       6
       1
       3
       5
       2
       4
       4
       1
       0
       2
       5
       1
       3
       0
       1
       1
       3
       1
       3
       1
       2
       3
       3
       3
       4
       4
       3
       3
       5
       3
       4
       3
       3
       5
       1
       3
       1
       1
       3
       5
       1
       1
       0
       3
       3
       4
       1
       3
       2
       1
       2
       4
       6
       3
       4
       2
       5
       0
       1
       3
       4
       2
       3
       6
       2
       6
       2
       0
       4
       2
       2
       4
       2
       0
       3
       0
       1
       3
       0
       0
       2
       2
       2
       5
       5
       2
       0
       4
       1
       0
       4
       1
       1
       3
       1
       2
       1
       4
       3
       4
       3
       1
       2
       3
       4
       1
       2
       1
       4
       2
       0
       1
       2
       5
       3
       3
       1
       3
       0
       1
       2
       1
       2
       3
       0
       0
       1
       3
       1
       0
       4
       3
       0
       1
       2
       3
       1
       2
       2
       1
       0
       1
       5
       0
       2
       0
       0
       2
       1
       2
       2
       2
       0
       1
       0
       1
       2
       0
       1
       1
       2
       0
       2
       0
       4
       0
       1
       0
       3
       1
       2
       2
       1
       3
       4
       1
       1
       1
       3
       2
       2
       4
       2
       3
       3
       5
       0
       4
       2
       2
       3
       3
       3
       4
       1
       4
       1
       4
       2
       3
       4
       4
       2
       1
       3
       5
       3
       3
       4
       5
       7
       9
       3
       2
       4
       3
       4
       3
       3
       3
       8
       5
       9
       4
       5
       4
      10
       4
       7
       8
       2
       5
       3
       6
      10
       7
      10
       7
       3
       5
       1
       9
       7
       7
       6
       8
       8
       9
       5
       5
       7
       4
       6
       6
       4
       4
       6
       6
       4
       4
       8
       5
       4
       4
       2
       4
       7
       3
       5
       3
       3
       0
       0
       7
       0
       1
       2
       4
       2
       2
       4
       1
       3
       2
       1
       1
       1
       5
       2
       0
       1
       2
       3
       1
       3
       1
       5
       0
       0
       0
       0
       1
       0
       0
       0
       1
       0
       2
       1
       1
       0
       0
       0
       1
       0
       1
       1
       0
       0
       0
       1
       0
       0
       0
       0
       0
       2
       1
       2
       1
       0
       0
       0
       0
       0
       1
       0
       2
       0
       1
       1
       1
       0
       1
       3
       2
       0
       1
       0
       0
       1
       1
       1
       1
       1
       2
       2
       1
       0
       1
       1
       1
       1
       2
       0
       1
       0
       1
       2
       1
       1
       1
       2
       1
       2
       2
       1
       0
       0
       0
       0
       1
       2
       0
       0
       2
       0
       0
       0
       1
       0
       0
       0
       0
       0
       0
       0
       2
       0
       1
       0
       0
       1
       1
       0
       0
       0
       1
       1
       0
       0
       1
       1
       0
       1
       1
       0
       0
       1
       0
       3
       1
       3
       0
       1
       0
       0
       1
       2
       1
       0
       0
       0
       0
       1
       1
       3
       0
       0
       2
       0
       1
       1
       0
       3
       1
       0
       0
       1
       0
       1
       1
       2
       1
       0
       1
       0
       0
       0
       1
       0
       0
       1
       1
       1
       1
       2
       0
       0
       2
       1
       1
       1
       0
       0
       2
       2
       2
       0
       0
       0
       0
       0
       0
       2
       2
       1
       0
       0
       1
       2
       3
       0
       0
       0
       2
       0
       2
       0
       1
       0
       2
       0
       3
       1
       3
       0
       1
       2
       1
       0
       0
       0
       1
       2
       0
       1
       1
       0
       2
       1
       0
       0
       0
       0
       0
       2
       1
       0
       0
       1
       0
       1
       0
       0
       0
       0
       1
       0
       1
       0
       0
       0
       0
       0
       0
       0
       0
       1
       0
       1
       1
       0
       0
       0
       0
       0
       1
       1
       1
       0
       0
       0
       0
       0
       1
       1
       1
       0
       0
       0
       1
       0
       0
       0
       0
       2
       0
       0
       0
       0
       1
       0
       0
       1
       0
       1
       0
       0
       0
       0
       1
       0
       1
       1
       0
       1
       1
       0
       0
       1
       1
       0
       0
       0
       0
       0
       2
       0
       1
       0
       1
       1
       0
       1
       0
       0
       0
       0
       0
       0
       0
       0
       0
       1
       0
       0
       0
       1
       0
       0
       0
       1
       1
       0
       0
       0
       0
       1
       0
       0
       0
       1
       0
       0
       1
       0
       1
       0
       0
       0
       0
       1
       1
       0
       0
       1
       1
       0
       2
       1
       0
       0
       0
       1
       0
       0
       0
       0
       0
       0
       1
       1
       0
       1
       0
       0
       1
       0
       0
       1
       0
       0
       0
       0
       0
       0
       0
       1
       0
       0
       0
       0
       1
       0
       1
       0
       0
       0
       1
       1
       1
       0
       0
       1
       1
       0
       1
       0
       0
       0
       0
       0
       0
       0
       1
       0
       2
       0
       1
       0
       0
       0
       0
       0
       0
       0
       0
       0
       0
       0
       1
       1
       1
       0
       2
       0
       0
       0
       1
       0
       0
       1
       0
       0
       0
       0
       0
       0
       0
       0
       0
       0
       0
       0
       0
       0
       0
       0
       0
       1
       1
       0
       0
       2
       1
       0
       0
       0
       0
       0
       3
       0
       0
       1
       1
       1
       0
       0
       0
       1
       0
       1
       1
       1
       1
       1
       2
       0
       1
       0
       0
       0
       2
       0
       2
       1
       1
       1
       0
       1
       1
       0
       1
       1
       0
       0
       0
       0
       2
       0
       0
       1
       1
       0
       0
       1
       0
       1
       2
       0
       0
       0
       0
       0
       1
       0
       0
       0
       2
       1
       1
       2
       0
       0
       0
       1
       0
       0
       0
       0
       1
       1
       0
       0
       1
       0
       0
       0
       0
       0
       1
       0
       0
       0
       0
       0
       0
       1
       0
       0
       0
       0
       1
       0
       0
       0
       0
       1
       0
       0
       0
       0
       1
       0
       2
       0
       1
       0
       0
       1
       1
       0
       1
       0
       0
       0
       0
       0
       0
       1
       1
       0
       1
       0
       2
       0
       0
       0
       1
       0
       2
       0
       1
       1
       0
       0
       1
       0
       1
       0
       0
       0
       0
       0
       0
       0
       2
       0
       1
       1
       0
       0
       0
       0
       0
       1
       0
       1
       0
       1
       0
       0
       0
       0
       0
       1
       1
       0
       0
       2
       0
       1
       0
       0
       0
       0
       0
       0
       0
       0
       0
       1
       1
       1
       0
       0
       0
       0
       0
       0
       0
       0
       0
       0
       1
       0
       1
       0
       0
       0
       0
       0
       0
       0
       0
       0
       0
       0
       0
       0
       1
       0
       0
       0
       0
       1
       0
       0
       0
       0
       0
       0
       0
       0
       0
       0
       0
       1
       0
       1
       0
       1
       0
       0
       0
       0
       0
       0
       0
       0
       0
       0
       0
       0
       0
       0
       0
       0
       0
       0
       0
       0
       0
       0
       0
       0
       0
       0
       0
       0
       0
       0
       0
       0
       0
       0
       0
$ROI:
0
$PRESETS:
None
0
0
$ENER_FIT:
-8.215019 1.172043
$MCA_CAL:
3
-8.215019E+000 1.172043E+000 0.000000E+000 keV
$SHAPE_CAL:
3
0.000000E+000 0.000000E+000 0.000000E+000
