$SPEC_ID:
No sample description was entered.
$SPEC_REM:
DET# 2
DETDESC# PHY-NUCLAB-02 MCB 129
AP# Maestro Version 7.01
$DATE_MEA:
02/10/2021 09:42:02
$MEAS_TIM:
472 473
$DATA:
0 2047
       0	
       0
       0
       0
       0
       0
       0
       0
       0
       0
       0
       0
       0
       0
       0
       0
       0
       0
       0
       0
       0
       0
       0
       0
       0
       0
       0
       0
       0
       0
       0
       0
       0
       0
       0
       0
       0
       0
       0
       0
       0
       0
       0
       0
       0
       0
       0
       0
       0
       0
       0
       0
       0
       0
       0
       0
       0
       0
       0
       0
       0
       0
       0
       0
       0
       0
       0
       0
       0
       0
       0
       0
       0
       0
       0
       0
       0
       0
       0
       0
       0
       0
       0
       0
       0
       0
       0
       0
       0
       0
       0
       0
       0
       0
       0
       0
       0
       0
       0
       0
       0
       0
       0
       0
       0
       0
       0
       0
       0
       0
       0
       0
       0
       0
       0
       0
       0
       0
       0
       0
       0
       0
       0
       0
       0
       0
       0
       0
       0
       0
       0
       0
       0
       0
       0
       0
       0
       0
       0
       0
       0
       0
       0
       0
       0
       0
       4
     433
     477
     454
     533
     499
     507
     561
     524
     542
     541
     516
     515
     497
     481
     495
     502
     551
     543
     506
     480
     536
     495
     473
     439
     451
     487
     501
     508
     484
     478
     444
     460
     460
     498
     470
     425
     414
     433
     426
     420
     420
     433
     427
     412
     435
     428
     408
     385
     409
     453
     426
     415
     425
     424
     403
     397
     409
     407
     367
     392
     427
     402
     407
     420
     373
     369
     370
     351
     347
     355
     309
     341
     352
     353
     350
     342
     328
     326
     342
     330
     311
     327
     288
     315
     311
     304
     295
     287
     310
     281
     284
     272
     278
     333
     280
     304
     281
     290
     302
     268
     317
     257
     273
     274
     261
     251
     266
     250
     243
     249
     239
     241
     225
     248
     248
     225
     225
     229
     278
     225
     221
     264
     203
     208
     226
     204
     207
     219
     207
     211
     238
     212
     197
     186
     189
     207
     192
     199
     199
     197
     215
     221
     214
     196
     201
     222
     198
     218
     189
     214
     212
     183
     178
     179
     218
     181
     165
     168
     174
     187
     175
     172
     192
     188
     182
     165
     172
     187
     166
     158
     215
     179
     163
     171
     160
     172
     171
     156
     156
     176
     148
     187
     171
     155
     177
     174
     177
     157
     180
     178
     169
     155
     153
     142
     166
     166
     166
     147
     160
     159
     169
     133
     169
     135
     172
     153
     183
     156
     170
     187
     155
     162
     172
     147
     182
     162
     177
     170
     141
     163
     171
     148
     135
     160
     149
     163
     150
     158
     156
     152
     164
     161
     160
     157
     145
     129
     160
     133
     133
     160
     124
     143
     141
     139
     153
     130
     125
     142
     121
     125
     119
     121
     103
     121
     121
     103
      90
      99
     100
      90
      90
      86
      98
      89
      87
      85
      94
      88
      86
      89
      84
      62
      83
      70
      80
      66
      76
      77
      80
      62
      73
      59
      68
      64
      78
      72
      65
      56
      57
      65
      65
      65
      82
      59
      68
      70
      53
      59
      60
      61
      67
      65
      60
      73
      57
      57
      64
      68
      63
      50
      62
      59
      53
      52
      57
      48
      51
      61
      57
      43
      45
      51
      45
      43
      57
      57
      44
      46
      51
      44
      53
      49
      67
      54
      43
      52
      42
      45
      58
      58
      42
      59
      45
      64
      37
      55
      50
      53
      45
      46
      44
      45
      49
      48
      61
      55
      58
      55
      61
      51
      50
      40
      60
      44
      58
      56
      59
      60
      43
      54
      61
      70
      73
      67
      65
      57
      85
      57
      69
      85
      82
      79
      92
     101
     107
     102
     141
     123
     138
     141
     181
     163
     195
     206
     244
     255
     250
     312
     284
     347
     366
     370
     356
     392
     431
     521
     499
     540
     521
     546
     582
     585
     641
     627
     693
     730
     698
     729
     711
     785
     684
     750
     720
     700
     736
     731
     731
     721
     704
     699
     656
     654
     627
     591
     580
     539
     481
     530
     480
     442
     430
     371
     353
     335
     298
     269
     268
     239
     216
     191
     200
     176
     160
     110
     126
      74
      99
      86
      77
      60
      50
      44
      36
      44
      45
      28
      28
      21
      26
      28
      31
      15
      20
      13
      13
      14
      21
      13
      12
      12
      16
      15
       9
      10
       8
      13
      12
      11
      13
      18
      16
       7
      14
       9
      16
      15
       7
      15
      15
      13
      16
      15
      10
      12
      15
      18
      14
       9
      13
       6
       8
      14
       8
      14
       8
      13
       8
       6
      17
      17
      16
      13
      11
      10
      14
       8
      12
      14
      17
       6
       6
      10
      11
      12
      14
       7
      13
      18
      13
       9
      14
      15
       9
      12
      11
       9
      13
      11
      13
      11
      11
       3
      16
      10
       6
       7
      23
       7
       8
      10
      11
      13
       8
      10
      13
       7
      10
       7
      13
       7
       9
       9
       5
       9
      14
       8
      12
      15
      12
      11
       9
      15
      10
       9
       8
      15
      15
      11
      10
      11
      13
      12
      12
      15
       8
      12
       7
      12
      15
       8
      15
      10
       8
       3
       8
       8
      11
       8
       7
      11
       7
      12
      12
      12
       6
      10
      16
      10
      12
      11
       9
       7
       8
      10
       7
      14
       4
      11
      19
      10
      12
       8
      13
       9
       9
       8
      10
       8
      17
      16
       7
       7
      15
      11
       8
      13
      13
      11
      14
      15
       8
       9
       7
      10
      13
      10
      10
      14
      10
      11
       3
      17
       7
      14
       9
       7
      12
      14
       8
       5
      12
       6
      11
      12
       9
       6
       7
       6
      14
      11
       8
      16
       9
       6
       7
      15
       8
      12
      10
      10
       9
       6
      14
       9
       7
       9
       9
       8
       7
      11
      12
       9
      10
       8
      12
      10
      12
      16
       8
       5
       9
       9
      14
       5
       8
       3
      15
       5
       5
       2
       7
       6
      12
      15
       5
      10
       5
       6
       7
       8
       5
       7
       5
       5
       7
      14
       9
       9
       5
       7
       7
       3
       6
      13
       4
      10
       3
      11
      13
      13
       6
      13
       2
       5
       5
       8
       6
      10
      12
      18
      11
       6
      10
       9
       6
       5
      11
       8
       6
       4
      10
       4
       5
      10
       6
       4
       6
       7
       8
       6
       5
       8
       3
       5
       8
       5
       5
       7
       8
       9
       6
      13
       7
       7
       8
       9
       6
       7
       6
       6
       7
       4
       8
      12
       6
       5
       5
       8
       6
       9
       4
       4
       5
       8
       4
       8
      13
      15
      10
       7
       9
      11
       2
       4
       7
       9
       9
       6
      10
       9
       4
       5
       5
       7
      11
       7
      11
       7
       9
       8
       9
       3
       2
       4
       5
       7
       7
       1
       6
      11
       6
       4
       8
       5
       9
      10
       9
       2
       4
       5
       6
       5
       2
       3
       7
       8
      10
      11
       4
       6
       4
       3
      11
       6
       5
       4
       3
       5
       5
       7
       5
       5
       6
       9
       5
       2
       2
       8
       3
       4
       4
       3
       9
       5
       4
       4
       7
       4
       8
       8
       5
       4
       8
       4
       1
       6
       3
       6
       5
       5
       6
       5
       7
       7
       3
      13
       5
       4
       7
       2
       2
       6
       1
       3
       7
       3
       2
       4
       4
       4
       6
       6
       4
       3
       2
       4
       2
       5
       2
       3
       2
       2
       5
       3
       3
       2
       4
       5
       3
       5
       2
       3
       0
       7
       5
       1
       5
       4
       6
       2
       3
       7
      10
       4
       2
       0
       3
       0
       0
       2
       2
       5
       2
       3
       0
       4
       3
       6
       2
       5
       3
       4
       5
       4
       2
       5
       3
       6
       8
       4
       6
       1
       3
       3
       6
       1
       2
       0
       4
       5
       2
       0
       6
       1
       3
       1
       3
       4
       2
       2
       5
       1
       5
       5
       3
       1
       1
       2
       3
       4
       7
       3
       6
       4
       5
       0
       3
       3
       4
       4
       6
       2
       3
       4
       6
       2
       4
       4
       3
       4
       4
       3
       4
       5
       5
       5
       7
       8
       7
       2
       6
       3
       8
       9
       6
      14
       4
       6
      10
       9
       7
       8
      10
       3
      11
       7
      10
       7
       8
       8
       9
      13
      12
      12
       9
       8
       5
       7
       7
      13
      10
      13
       6
       7
      10
       8
       6
      11
      15
       6
      11
       8
       5
       9
      12
      18
      18
      13
      14
       8
       5
      11
      10
      14
      13
      12
      10
       7
      10
      10
      17
      17
      11
       6
       8
      11
       8
       8
      12
       4
       7
       5
       8
       8
       6
       4
      11
       5
       5
       8
       2
       6
       2
      10
       5
       8
       2
      10
       4
       3
       3
       3
       2
       3
       5
       1
       2
       4
       1
       1
       1
       4
       3
       3
       3
       3
       0
       2
       3
       0
       3
       2
       1
       4
       2
       0
       2
       2
       2
       5
       0
       0
       0
       1
       2
       2
       0
       2
       1
       2
       1
       4
       1
       1
       1
       1
       2
       1
       5
       0
       1
       0
       0
       0
       1
       0
       1
       2
       1
       0
       2
       1
       3
       4
       1
       2
       1
       2
       0
       3
       1
       1
       1
       3
       2
       0
       1
       1
       2
       1
       1
       0
       1
       0
       2
       5
       0
       3
       0
       2
       1
       1
       1
       2
       0
       0
       0
       1
       1
       1
       1
       1
       2
       2
       0
       1
       0
       1
       2
       3
       0
       2
       0
       2
       1
       0
       2
       0
       2
       2
       3
       2
       2
       0
       0
       0
       0
       1
       1
       1
       2
       2
       3
       0
       0
       0
       1
       0
       2
       2
       1
       0
       2
       1
       0
       2
       0
       1
       1
       0
       1
       1
       0
       0
       2
       5
       1
       0
       1
       1
       3
       1
       2
       0
       1
       0
       1
       0
       0
       0
       1
       0
       0
       1
       0
       1
       1
       1
       1
       1
       3
       3
       4
       0
       2
       1
       3
       3
       2
       0
       0
       4
       0
       0
       2
       0
       1
       1
       2
       2
       2
       1
       1
       3
       3
       3
       2
       2
       5
       3
       0
       1
       5
       2
       1
       6
       1
       0
       2
       4
       2
       0
       0
       2
       0
       1
       2
       2
       0
       0
       3
       1
       0
       1
       0
       1
       2
       3
       3
       1
       2
       2
       2
       3
       1
       1
       0
       1
       1
       2
       3
       2
       0
       0
       1
       0
       1
       0
       2
       0
       0
       2
       1
       1
       1
       1
       1
       3
       1
       1
       1
       1
       3
       3
       0
       0
       0
       1
       0
       2
       0
       1
       0
       0
       3
       0
       1
       1
       1
       0
       2
       2
       3
       0
       1
       1
       1
       0
       1
       0
       1
       0
       0
       0
       1
       2
       1
       0
       0
       0
       1
       0
       1
       1
       1
       1
       2
       2
       2
       0
       1
       0
       1
       0
       1
       0
       0
       1
       2
       0
       0
       0
       0
       0
       0
       0
       1
       1
       1
       1
       1
       1
       1
       0
       0
       1
       0
       4
       1
       0
       1
       0
       0
       0
       2
       0
       0
       0
       0
       0
       0
       2
       0
       1
       0
       1
       0
       2
       1
       2
       1
       1
       2
       1
       1
       0
       0
       0
       1
       0
       2
       0
       0
       0
       0
       1
       2
       1
       0
       0
       0
       2
       0
       0
       1
       0
       1
       1
       0
       0
       0
       1
       0
       0
       1
       0
       0
       0
       1
       0
       0
       0
       0
       0
       2
       1
       0
       0
       0
       0
       0
       1
       2
       0
       0
       0
       1
       0
       0
       2
       1
       0
       0
       1
       1
       0
       0
       1
       3
       0
       1
       0
       0
       1
       1
       1
       0
       1
       0
       0
       0
       3
       0
       0
       1
       0
       2
       2
       0
       0
       0
       1
       2
       0
       0
       1
       0
       1
       0
       0
       0
       1
       0
       1
       1
       0
       0
       1
       1
       0
       2
       0
       0
       1
       2
       2
       0
       2
       0
       0
       0
       2
       0
       0
       0
       1
       1
       2
       2
       0
       0
       1
       1
       3
       0
       1
       0
       1
       1
       1
       3
       1
       0
       0
       5
       2
       1
       1
       1
       0
       1
       1
       3
       0
       0
       0
       1
       0
       0
       4
       4
       2
       3
       2
       0
       0
       1
       0
       0
       0
       0
       1
       4
       0
       1
       1
       0
       0
       2
       3
       3
       0
       0
       2
       3
       2
       1
       1
       2
       0
       1
       4
       2
       3
       0
       2
       0
       0
       1
       0
       1
       0
       0
       1
       0
       0
       0
       0
       0
       0
       1
       0
       0
       3
       1
       2
       0
       0
       0
       0
       1
       0
       2
       0
       0
       1
       1
       0
       1
       1
       3
       1
       1
       0
       0
       0
       0
       0
       0
       1
       1
       0
       0
       1
       0
       2
       1
       1
       0
       0
       0
       0
       0
       0
       1
       1
       0
       1
       1
       2
       0
       0
       1
       1
       0
       0
       1
       0
       0
       1
       1
       1
       2
       0
       0
       2
       0
       1
       1
       2
       0
       0
       1
       1
       0
       0
       2
       2
       1
       1
       1
       0
       0
       0
       0
       0
       2
       0
       2
       0
       0
       1
       0
       1
       0
       0
       0
       0
       0
       0
       0
       1
       1
       0
       0
       2
       0
       1
       0
       0
       0
       1
       1
       1
       0
       1
       0
       0
       0
       2
       0
       0
       0
       0
       0
       0
       0
       0
       1
       1
       2
       1
       0
       1
       2
       0
       0
       0
       1
       0
       0
       0
       0
       0
       1
       0
       0
       0
       0
       0
       0
       0
       0
       0
       0
       0
       0
       0
       0
       0
       0
       0
       0
       0
       0
       0
       0
       0
       0
       0
       0
       0
       0
       0
       0
       0
       0
       0
       0
       0
       0
$ROI:
1
556 718
$PRESETS:
None
0
0
$ENER_FIT:
0.000000 0.000000
$MCA_CAL:
3
0.000000E+000 0.000000E+000 0.000000E+000 
$SHAPE_CAL:
3
0.000000E+000 0.000000E+000 0.000000E+000
