$SPEC_ID:
No sample description was entered.
$SPEC_REM:
DET# 2
DETDESC# PHY-NUCLAB-02 MCB 129
AP# Maestro Version 7.01
$DATE_MEA:
02/10/2021 11:51:00
$MEAS_TIM:
200 201
$DATA:
0 2047
       0
       0
       0
       0
       0
       0
       0
       0
       0
       0
       0
       0
       0
       0
       0
       0
       0
       0
       0
       0
       0
       0
       0
       0
       0
       0
       0
       0
       0
       0
       0
       0
       0
       0
       0
       0
       0
       0
       0
       0
       0
       0
       0
       0
       0
       0
       0
       0
       0
       0
       0
       0
       0
       0
       0
       0
       0
       0
       0
       0
       0
       0
       0
       0
       0
       0
       0
       0
       0
       0
       0
       0
       0
       0
       0
       0
       0
       0
       0
       0
       0
       0
       0
       0
       0
       0
       0
       0
       0
       0
       0
       0
       0
       0
       0
       0
       0
       0
       0
       0
       0
       0
       0
       0
       0
       0
       0
       0
       0
       0
       0
       0
       0
       0
       0
       0
       0
       0
       0
       0
       0
       0
       0
       0
       0
       0
       0
       0
       0
       0
       0
       0
       0
       0
       0
       0
       0
       0
       0
       0
       0
       0
       0
       0
       0
       0
       3
     405
     509
     502
     473
     497
     489
     516
     508
     555
     503
     543
     488
     499
     500
     509
     518
     486
     484
     473
     463
     448
     474
     506
     440
     452
     427
     423
     439
     426
     436
     409
     396
     400
     360
     349
     354
     373
     365
     385
     337
     343
     343
     328
     380
     331
     342
     312
     369
     345
     358
     304
     302
     324
     304
     322
     313
     293
     328
     315
     289
     330
     314
     296
     296
     313
     307
     310
     286
     298
     331
     268
     277
     287
     312
     328
     272
     299
     250
     270
     290
     290
     269
     279
     312
     294
     243
     285
     276
     249
     298
     302
     287
     269
     290
     267
     266
     264
     266
     259
     257
     270
     247
     278
     249
     245
     240
     261
     276
     236
     226
     236
     272
     221
     216
     234
     240
     230
     234
     232
     241
     248
     207
     208
     187
     240
     251
     238
     225
     202
     235
     226
     221
     208
     177
     217
     222
     219
     194
     200
     199
     246
     233
     232
     210
     219
     203
     228
     212
     206
     205
     220
     183
     197
     221
     217
     187
     195
     178
     239
     224
     233
     210
     200
     202
     182
     189
     214
     200
     220
     204
     204
     218
     197
     199
     186
     199
     194
     176
     192
     170
     176
     206
     203
     187
     210
     220
     190
     208
     223
     195
     191
     196
     197
     200
     179
     171
     205
     206
     182
     174
     194
     198
     182
     184
     222
     213
     199
     187
     168
     224
     194
     181
     185
     175
     169
     212
     159
     174
     182
     198
     219
     208
     185
     177
     174
     176
     187
     213
     185
     159
     185
     172
     172
     184
     175
     185
     160
     146
     150
     148
     153
     184
     126
     153
     178
     135
     155
     167
     154
     164
     138
     147
     125
     122
     110
      98
     108
     122
     120
     106
     100
      93
     118
     109
      97
     102
      93
      92
      85
      89
      71
     106
      78
      77
      75
      83
      64
      65
      75
      65
      73
      72
      66
      58
      64
      72
      52
      69
      65
      58
      61
      60
      67
      64
      56
      53
      50
      45
      68
      47
      64
      45
      53
      55
      61
      57
      57
      51
      55
      40
      49
      39
      45
      51
      43
      36
      55
      43
      42
      57
      59
      45
      46
      47
      54
      39
      60
      40
      59
      46
      28
      37
      50
      49
      47
      36
      36
      46
      44
      42
      43
      52
      47
      50
      48
      50
      42
      41
      52
      39
      44
      42
      39
      35
      45
      58
      60
      30
      46
      59
      55
      58
      41
      50
      45
      50
      57
      55
      58
      58
      59
      57
      70
      64
      74
      77
      68
      90
      79
      89
     108
      97
      98
     110
     141
     132
     139
     142
     178
     180
     186
     192
     227
     252
     253
     310
     304
     320
     365
     409
     421
     462
     425
     494
     531
     524
     570
     596
     645
     649
     754
     744
     735
     815
     769
     840
     857
     884
     975
     902
     996
     995
     983
    1004
    1029
    1026
     983
     968
    1055
     984
     964
     943
    1005
     938
     885
     883
     801
     819
     757
     751
     663
     642
     645
     573
     569
     512
     473
     431
     424
     362
     307
     279
     268
     251
     200
     179
     172
     176
     140
     115
     100
      94
      68
      98
      60
      58
      55
      26
      43
      37
      24
      17
      15
      10
      16
      15
      18
      17
       8
      18
       9
       7
       5
       4
       7
       9
      10
       7
      12
       5
       6
       8
      11
       4
       5
       6
       4
      11
       7
       9
       3
       6
       4
       7
       8
       1
      11
       8
      10
       9
       7
       6
       5
       7
       5
       3
       7
       4
       9
       6
      20
       6
       5
       1
       7
       5
      10
       4
       5
      10
       5
       5
       9
       4
       7
       5
       3
       1
       3
       6
       9
       7
       4
      10
       6
      10
       3
       8
       3
       3
       7
       5
       5
       9
       1
       8
       8
       7
       9
       5
       5
       7
       9
       4
       2
       5
       8
       4
       6
       4
       6
       7
       8
       5
       5
       5
       8
       5
       7
       7
       6
       7
       6
       6
       8
       7
       5
       4
       4
       4
       3
       5
       2
       4
       9
       4
       4
      10
       1
       5
       6
       5
       4
       4
       3
       4
       6
       8
       2
       6
       1
       6
       3
       4
       3
       5
       4
       2
       8
       5
       4
       7
       6
       7
       8
       1
      13
       6
       9
       3
      10
       7
       7
       5
       6
       1
       2
       1
       5
      10
       4
       4
       7
       5
       6
       2
      10
       5
       6
       7
       8
       5
       4
       1
       9
       9
       7
       3
       1
       6
       3
       7
       5
       3
       6
       4
       2
       2
       4
       5
       5
       3
       2
       5
       7
       7
       2
       2
       3
       5
       6
       4
       3
       5
       7
       5
       4
       8
       6
       3
       6
       4
       4
       4
       5
       9
       6
       3
       7
       6
       3
       6
       7
       3
       1
       4
       5
       2
       2
       8
       3
       2
       4
       5
       4
       7
       4
       5
       3
       5
       2
       2
       9
       2
       2
       5
       3
       6
       1
       4
       3
       7
       4
       3
       2
       7
       1
       4
       4
       2
       3
       2
       6
       4
       5
       1
       2
       5
       4
       1
      11
       3
       3
       2
       4
       1
       6
       9
       4
       8
       3
       4
       1
       2
       1
       4
       3
       3
       3
       5
       4
       4
       5
       3
       4
       6
       5
      10
       4
       4
       1
       0
       6
       5
       3
       5
       0
       3
       4
       5
       1
       2
       3
       4
       3
       1
       2
       5
       4
       6
       5
       4
       4
       5
       3
       2
       2
       9
       3
       2
       3
       5
       2
       7
       4
       6
       2
       3
       3
       1
       6
       4
       3
       3
       3
       4
       4
       2
       1
       3
       2
       2
       4
       2
       3
       4
       2
       1
       1
       2
       5
       3
       6
       1
       1
       3
       2
       5
       3
       5
       6
       0
       6
       1
       4
       5
       2
       2
       3
       6
       5
       2
       6
       1
       4
       3
       1
       1
       0
       2
       3
       2
       2
       0
       2
       1
       4
       5
       5
       2
       4
       0
       4
       2
       4
       4
       4
       5
       3
       4
       1
       1
       4
       4
       1
       3
       3
       4
       1
       3
       2
       4
       4
       5
       2
       2
       4
       1
       2
       3
       2
       0
       3
       2
       4
       1
       0
       5
       1
       3
       3
       2
       1
       1
       2
       0
       3
       1
       1
       0
       3
       4
       2
       1
       3
       2
       4
       0
       3
       0
       2
       5
       0
       1
       4
       0
       2
       4
       2
       2
       0
       1
       2
       0
       1
       1
       2
       4
       0
       1
       3
       3
       4
       1
       3
       2
       0
       0
       0
       1
       3
       2
       1
       1
       3
       4
       3
       0
       1
       3
       2
       2
       1
       0
       1
       0
       1
       0
       2
       6
       2
       4
       2
       1
       1
       3
       0
       3
       0
       2
       1
       2
       3
       4
       1
       4
       0
       2
       1
       2
       4
       0
       1
       0
       2
       1
       2
       2
       1
       3
       0
       2
       2
       1
       1
       1
       1
       1
       2
       1
       3
       3
       5
       3
       0
       2
       1
       0
       2
       2
       3
       1
       2
       3
       0
       0
       4
       1
       4
       2
       7
       2
       1
       1
       3
       2
       3
       0
       6
       2
       3
       4
       5
       4
       2
       7
       4
       6
       3
       5
       8
       4
       5
       4
       1
       2
       4
       4
       4
       5
       8
       3
       3
      16
       2
       2
       3
       8
       3
       3
       6
       2
       7
       2
       3
       6
       7
       8
       9
       4
      10
       6
       5
       4
       5
       7
       3
       7
       5
       7
       5
       6
       9
       8
       7
       2
       8
       9
       4
       7
       6
       4
       3
       5
       2
       4
       1
       5
       6
       0
       5
       4
       4
       3
       4
       5
       1
       1
       3
       2
       3
       2
       3
       1
       1
       4
       3
       2
       3
       4
       1
       0
       0
       2
       0
       4
       1
       3
       1
       2
       3
       1
       2
       2
       0
       0
       0
       1
       0
       0
       0
       0
       2
       3
       1
       2
       0
       1
       0
       0
       1
       0
       0
       0
       0
       1
       2
       0
       3
       1
       1
       1
       1
       0
       0
       0
       0
       0
       0
       3
       0
       1
       0
       0
       0
       1
       0
       0
       0
       0
       0
       0
       1
       1
       1
       1
       1
       1
       0
       1
       1
       1
       1
       0
       0
       0
       0
       0
       1
       0
       1
       3
       3
       0
       1
       0
       1
       1
       0
       0
       0
       0
       0
       2
       0
       0
       0
       1
       1
       2
       3
       1
       0
       1
       0
       0
       0
       1
       1
       0
       0
       1
       0
       0
       1
       0
       0
       4
       0
       0
       1
       1
       1
       0
       2
       2
       1
       2
       0
       0
       1
       0
       1
       0
       1
       0
       0
       0
       0
       0
       1
       1
       0
       0
       0
       0
       1
       1
       1
       1
       1
       0
       0
       0
       0
       0
       0
       1
       2
       0
       0
       0
       0
       2
       1
       0
       0
       0
       0
       1
       1
       2
       1
       0
       1
       0
       0
       1
       3
       2
       0
       0
       0
       1
       0
       0
       0
       0
       1
       0
       0
       0
       1
       0
       5
       2
       1
       0
       1
       2
       0
       0
       0
       1
       0
       1
       3
       2
       0
       0
       0
       0
       1
       2
       1
       2
       1
       0
       1
       1
       2
       1
       0
       1
       0
       3
       0
       1
       1
       0
       1
       0
       0
       0
       0
       1
       1
       1
       1
       1
       1
       0
       1
       0
       0
       1
       1
       0
       0
       0
       2
       0
       1
       0
       0
       1
       0
       0
       1
       0
       0
       1
       1
       1
       0
       1
       0
       1
       0
       0
       2
       0
       0
       1
       0
       1
       1
       1
       1
       0
       0
       0
       0
       1
       2
       0
       0
       1
       4
       0
       0
       0
       0
       0
       1
       1
       0
       0
       0
       0
       2
       0
       0
       0
       1
       0
       2
       1
       0
       0
       1
       0
       0
       0
       0
       1
       1
       0
       0
       0
       0
       1
       1
       0
       0
       0
       0
       1
       1
       0
       1
       0
       0
       0
       0
       0
       1
       0
       0
       0
       0
       0
       0
       0
       2
       0
       0
       0
       0
       1
       0
       0
       1
       1
       0
       0
       0
       0
       0
       0
       0
       0
       0
       1
       1
       0
       0
       1
       0
       0
       0
       1
       0
       0
       0
       0
       0
       0
       0
       0
       0
       1
       0
       2
       1
       0
       0
       1
       0
       0
       0
       0
       1
       0
       1
       0
       0
       0
       1
       0
       0
       0
       0
       0
       0
       0
       0
       1
       1
       0
       0
       0
       0
       0
       2
       1
       0
       0
       0
       0
       0
       1
       0
       1
       0
       0
       0
       2
       3
       1
       0
       1
       0
       1
       0
       2
       0
       0
       1
       0
       0
       0
       0
       0
       0
       0
       0
       2
       0
       0
       0
       2
       0
       1
       0
       1
       0
       0
       1
       0
       0
       0
       0
       0
       2
       1
       1
       0
       0
       1
       0
       0
       0
       0
       0
       0
       0
       1
       1
       0
       1
       0
       0
       0
       1
       0
       0
       1
       0
       0
       0
       0
       0
       1
       0
       2
       0
       2
       1
       1
       0
       1
       0
       0
       1
       0
       0
       1
       0
       1
       1
       1
       1
       0
       1
       1
       0
       1
       1
       0
       1
       1
       0
       1
       0
       0
       0
       1
       0
       0
       0
       0
       0
       0
       2
       1
       0
       1
       1
       1
       0
       0
       0
       1
       0
       1
       0
       1
       0
       0
       1
       1
       0
       0
       3
       0
       1
       0
       0
       0
       0
       0
       0
       2
       0
       0
       0
       0
       0
       0
       0
       1
       2
       0
       0
       0
       1
       0
       0
       1
       1
       2
       0
       0
       1
       1
       0
       0
       1
       1
       0
       1
       0
       0
       0
       0
       0
       0
       0
       0
       0
       0
       0
       0
       0
       1
       0
       1
       0
       0
       0
       0
       1
       0
       0
       0
       0
       0
       0
       1
       0
       1
       0
       0
       0
       0
       2
       0
       2
       0
       1
       0
       1
       0
       0
       0
       1
       0
       0
       0
       0
       0
       0
       0
       0
       0
       0
       0
       3
       0
       0
       0
       0
       0
       0
       0
       0
       0
       0
       0
       0
       0
       1
       0
       0
       2
       1
       0
       0
       0
       0
       0
       0
       1
       1
       0
       0
       0
       1
       0
       0
       0
       0
       0
       0
       0
       1
       1
       0
       0
       0
       1
       0
       0
       0
       0
       0
       0
       0
       0
       0
       0
       0
       1
       0
       1
       1
       0
       0
       1
       0
       0
       0
       1
       0
       1
       1
       0
       0
       0
       0
       0
       0
       0
       0
       0
       0
       0
       0
       0
       0
       0
       0
       0
       0
       0
       0
       0
       0
       0
       0
       0
       0
       0
       0
       0
       0
       0
       0
       0
       0
$ROI:
0
$PRESETS:
None
0
0
$ENER_FIT:
-8.215019 1.172043
$MCA_CAL:
3
-8.215019E+000 1.172043E+000 0.000000E+000 keV
$SHAPE_CAL:
3
0.000000E+000 0.000000E+000 0.000000E+000
