$SPEC_ID:
No sample description was entered.
$SPEC_REM:
DET# 2
DETDESC# PHY-NUCLAB-02 MCB 129
AP# Maestro Version 7.01
$DATE_MEA:
02/10/2021 10:27:11
$MEAS_TIM:
488 489
$DATA:
0 2047
       0
       0
       0
       0
       0
       0
       0
       0
       0
       0
       0
       0
       0
       0
       0
       0
       0
       0
       0
       0
       0
       0
       0
       0
       0
       0
       0
       0
       0
       0
       0
       0
       0
       0
       0
       0
       0
       0
       0
       0
       0
       0
       0
       0
       0
       0
       0
       0
       0
       0
       0
       0
       0
       0
       0
       0
       0
       0
       0
       0
       0
       0
       0
       0
       0
       0
       0
       0
       0
       0
       0
       0
       0
       0
       0
       0
       0
       0
       0
       0
       0
       0
       0
       0
       0
       0
       0
       0
       0
       0
       0
       0
       0
       0
       0
       0
       0
       0
       0
       0
       0
       0
       0
       0
       0
       0
       0
       0
       0
       0
       0
       0
       0
       0
       0
       0
       0
       0
       0
       0
       0
       0
       0
       0
       0
       0
       0
       0
       0
       0
       0
       0
       0
       0
       0
       0
       0
       0
       0
       0
       0
       0
       0
       0
       0
       0
       7
     466
     625
     630
     660
     627
     630
     632
     613
     651
     597
     629
     607
     629
     583
     645
     607
     591
     618
     605
     619
     599
     575
     588
     585
     628
     580
     607
     603
     582
     580
     591
     551
     554
     516
     526
     563
     574
     514
     521
     527
     605
     512
     570
     507
     523
     486
     555
     505
     516
     513
     512
     518
     482
     501
     524
     492
     439
     540
     526
     509
     462
     474
     437
     454
     472
     420
     457
     446
     436
     399
     406
     413
     368
     402
     393
     392
     390
     395
     362
     419
     383
     366
     376
     360
     340
     366
     371
     332
     333
     323
     291
     333
     317
     330
     343
     312
     301
     310
     315
     308
     290
     325
     283
     302
     314
     290
     266
     311
     250
     289
     259
     294
     266
     274
     248
     293
     248
     253
     255
     285
     239
     255
     239
     260
     228
     266
     265
     246
     265
     233
     232
     244
     219
     212
     213
     237
     237
     246
     223
     232
     186
     243
     213
     230
     226
     244
     213
     206
     230
     225
     221
     224
     223
     231
     215
     227
     224
     240
     221
     206
     216
     210
     178
     224
     206
     240
     217
     176
     209
     181
     203
     198
     209
     216
     216
     184
     207
     208
     230
     193
     232
     202
     207
     196
     207
     197
     215
     199
     183
     210
     189
     191
     194
     180
     200
     164
     205
     198
     188
     193
     184
     199
     190
     183
     181
     189
     222
     190
     193
     196
     206
     170
     209
     184
     182
     220
     193
     188
     187
     188
     189
     182
     189
     197
     200
     199
     208
     200
     194
     218
     196
     179
     163
     194
     168
     199
     186
     178
     157
     179
     182
     171
     164
     154
     154
     151
     168
     151
     147
     160
     136
     141
     160
     150
     114
     139
     139
     121
     117
     111
     121
     104
      95
     104
     103
     100
     107
      90
     101
      98
      73
      86
      78
      80
      88
      84
      74
     100
     101
      82
      63
      89
      84
      75
      83
      83
      82
      86
      72
      73
      87
      78
      67
      93
      78
      69
      55
      72
      69
      68
      63
      73
      62
      75
      79
      53
      59
      60
      76
      61
      78
      66
      45
      72
      47
      59
      51
      60
      52
      54
      69
      53
      56
      43
      50
      55
      61
      57
      50
      62
      53
      60
      57
      62
      55
      71
      54
      56
      50
      59
      57
      47
      62
      48
      60
      62
      45
      55
      48
      59
      57
      62
      53
      56
      44
      63
      49
      65
      45
      51
      53
      51
      53
      62
      56
      51
      61
      70
      65
      55
      73
      56
      53
      51
      76
      67
      56
      62
      80
      87
      88
     109
     108
     113
     126
     116
     151
     145
     167
     158
     220
     207
     222
     236
     243
     261
     315
     368
     368
     400
     414
     466
     498
     485
     508
     554
     589
     637
     684
     691
     716
     778
     755
     870
     844
     934
     861
     961
     924
     966
     951
     968
     963
     972
    1025
     965
     921
     952
     968
     969
     866
     873
     860
     823
     772
     760
     719
     753
     668
     643
     550
     575
     511
     468
     446
     388
     347
     338
     337
     311
     273
     224
     215
     180
     187
     154
     141
     119
     118
      93
      78
      77
      56
      65
      49
      49
      47
      25
      27
      22
      32
      25
      23
      18
      20
      14
      11
      15
      13
      12
      11
      17
      12
      11
      18
       6
      12
      15
      18
      20
      14
      14
      16
      12
      13
      11
      12
      11
       7
      14
      16
      11
      14
      10
      17
      12
       5
       8
      15
      18
      11
      12
      13
      12
      11
      12
      10
      10
      12
      18
      11
      13
      17
      12
      10
      13
      18
       7
      10
      15
      12
      15
      19
      12
      12
      11
       8
      16
      11
      18
      13
      15
      12
      15
      11
       9
      12
       6
      14
      10
       9
      12
      12
      12
       5
       8
       7
      15
      13
      18
      11
       5
      13
      13
       7
       8
       8
      13
      13
       9
      12
      10
      11
      13
      10
       8
       4
      13
       9
      16
       7
       8
       9
      14
       6
       5
      10
      22
       7
      12
       9
       9
       9
       9
      15
       9
      10
       9
      13
      11
       7
      16
      10
       9
      16
       7
      10
       5
      11
       4
       9
       9
       9
       4
      10
      14
      11
       8
      13
      10
       6
       9
      11
       6
       8
      10
      12
      12
      13
       9
      14
       8
      14
       8
      11
       7
      16
      17
      14
       7
      12
      14
       9
      14
      13
      10
       9
      20
      10
       5
      17
       6
      11
       8
       7
      12
       6
      11
       9
       9
       7
       6
      12
      11
      10
      12
       8
      12
      11
      13
      14
      11
       6
      15
       5
       8
       8
       7
       6
       9
       7
      10
      15
       8
      11
      13
       8
       6
      17
      13
       8
       5
      10
       4
       9
      10
      10
      11
       9
      14
       4
       7
       7
       5
       8
      12
      14
       7
      13
       9
       8
       9
      10
       8
       7
       5
       9
       8
      10
      10
       6
       5
      17
      11
       3
       4
       8
       6
       6
       6
       4
      10
       6
       8
      10
       7
       6
       8
       8
      11
       4
       8
       5
       9
       9
      10
       7
       9
      10
       8
      11
       8
       6
       6
       7
       4
       4
       5
       8
      13
       8
       8
       7
       6
      11
       8
       7
       9
       6
      13
      15
       8
       5
       6
       3
      10
      10
       9
       6
       9
       7
       2
       9
       5
       7
      13
       7
       8
      10
       8
      10
       6
       5
       9
      11
       6
       4
       7
       4
       7
      11
       9
       5
      15
      10
       5
      12
      11
       9
       5
      11
       5
      10
       9
       4
      10
       7
      12
       5
       7
      11
      14
       9
      10
       6
      10
       9
       8
      10
      10
       6
       9
       6
       6
       6
       9
       7
       4
       5
       7
      10
       5
       8
       8
       5
       3
       7
       6
      14
       7
       3
       8
       7
       8
       6
       6
      11
       6
       3
       6
       5
       7
       8
       8
       8
       8
      11
       4
       2
       7
       3
       8
       4
       6
       6
       3
       7
       1
       5
       2
       7
      10
       4
       7
       8
       6
       7
       9
      11
       2
       4
       3
       7
       1
       8
       3
       8
       3
       4
       6
       2
       7
       4
       7
       6
       8
       4
       8
       5
       6
       8
       6
       7
       7
       7
       3
       4
       5
       2
       6
       6
       2
       5
       1
       2
       4
       5
       4
       3
       3
       1
       1
       2
       2
       2
       4
       3
       2
       4
       5
       3
       6
       5
       4
       3
       7
       3
       2
       1
       5
       2
       2
       2
       4
       3
       2
       1
       7
       6
       9
       2
       3
       3
       2
       2
       7
       3
       5
       4
       4
       5
       3
       2
       6
       1
       6
       2
       4
       1
       6
       1
       4
       4
      11
       0
       4
       1
       1
       3
       3
       4
       1
       6
       3
       6
       3
       3
       5
       3
       7
       2
       1
       4
       2
       6
       1
       3
       3
       4
       2
       2
       1
       3
       0
       3
       3
       5
       2
       1
       1
       3
       5
       2
       5
       2
       6
       1
       2
       9
       4
       7
       1
       3
       3
       2
       1
       7
       4
       2
       6
       7
       2
       9
       5
       3
       5
       5
       1
       4
       7
       3
       8
       3
      10
       6
       6
       4
       5
       6
       6
      11
       6
       5
       6
       9
       7
       6
       9
      14
       6
       8
      11
       9
      10
      16
       4
      10
       7
      12
      12
      13
      11
      11
      13
      18
       7
      11
       7
       9
      13
      14
       8
      10
       8
      13
      13
      12
      10
       9
      13
      10
      13
       6
      15
       7
      13
      15
       5
      10
      10
      10
      14
      11
       6
      10
      12
      11
       8
       9
       7
       5
      14
       8
       8
       9
       8
      11
       6
       9
       6
       9
       6
       8
       5
       5
       8
       7
       4
       4
       5
       6
       5
       9
       3
       4
       3
       4
       2
       6
       3
       5
       4
       3
       2
       2
       4
       5
       3
       1
       2
       1
       1
       3
       2
       1
       2
       5
       1
       3
       6
       2
       2
       1
       4
       2
       2
       1
       0
       3
       1
       4
       1
       1
       0
       3
       2
       1
       2
       0
       0
       3
       0
       2
       2
       2
       2
       2
       2
       3
       3
       1
       0
       5
       2
       2
       1
       2
       0
       2
       0
       1
       3
       2
       2
       1
       2
       1
       1
       1
       2
       0
       4
       0
       1
       1
       0
       1
       1
       2
       4
       2
       0
       1
       1
       2
       2
       1
       2
       3
       1
       1
       3
       0
       0
       0
       1
       1
       1
       3
       0
       1
       2
       3
       1
       1
       1
       0
       0
       0
       0
       2
       2
       2
       3
       1
       1
       0
       1
       1
       1
       2
       1
       2
       1
       1
       3
       0
       1
       2
       1
       0
       1
       1
       0
       2
       1
       1
       0
       0
       0
       0
       2
       0
       3
       0
       2
       0
       1
       0
       0
       0
       3
       1
       0
       4
       0
       1
       0
       1
       2
       1
       0
       0
       0
       5
       1
       2
       1
       2
       2
       1
       1
       3
       2
       1
       4
       2
       0
       1
       1
       1
       3
       1
       2
       2
       0
       1
       1
       4
       1
       3
       1
       0
       3
       1
       2
       1
       3
       4
       1
       2
       0
       3
       1
       1
       2
       1
       1
       4
       1
       1
       2
       2
       5
       3
       3
       1
       1
       1
       1
       2
       1
       0
       1
       3
       0
       2
       2
       1
       1
       1
       0
       1
       1
       1
       1
       2
       0
       5
       2
       1
       1
       0
       0
       1
       0
       3
       1
       0
       0
       0
       0
       0
       2
       0
       2
       1
       2
       2
       1
       3
       0
       1
       0
       1
       0
       0
       0
       0
       0
       0
       0
       1
       1
       0
       1
       1
       1
       1
       1
       0
       1
       2
       2
       1
       1
       3
       0
       1
       0
       0
       1
       2
       1
       0
       2
       0
       1
       0
       2
       0
       0
       1
       0
       0
       1
       0
       1
       2
       2
       1
       0
       0
       3
       0
       0
       0
       2
       0
       1
       0
       0
       2
       3
       0
       2
       1
       0
       4
       0
       2
       1
       0
       0
       0
       0
       1
       1
       2
       0
       0
       1
       0
       0
       0
       0
       1
       1
       0
       1
       2
       1
       0
       0
       0
       1
       0
       1
       0
       0
       1
       1
       3
       0
       2
       0
       0
       0
       0
       0
       0
       0
       0
       0
       1
       0
       3
       0
       0
       1
       3
       0
       0
       1
       0
       0
       0
       0
       0
       2
       0
       1
       0
       1
       0
       0
       0
       1
       0
       0
       0
       1
       0
       0
       2
       2
       1
       2
       0
       0
       0
       0
       0
       2
       1
       1
       0
       0
       0
       1
       0
       0
       2
       1
       0
       0
       0
       2
       1
       0
       3
       3
       0
       0
       0
       0
       0
       0
       0
       0
       0
       0
       0
       3
       0
       1
       0
       4
       0
       1
       1
       0
       2
       0
       1
       0
       0
       1
       0
       1
       0
       1
       1
       2
       1
       0
       2
       0
       1
       1
       1
       0
       0
       1
       2
       0
       0
       0
       0
       2
       2
       1
       0
       3
       0
       1
       0
       0
       0
       0
       4
       1
       2
       2
       1
       1
       1
       1
       2
       1
       0
       1
       2
       1
       1
       1
       0
       1
       3
       1
       1
       1
       4
       0
       1
       1
       3
       2
       1
       0
       0
       3
       2
       1
       0
       0
       3
       2
       0
       0
       0
       0
       0
       0
       1
       0
       1
       0
       0
       0
       1
       1
       1
       2
       0
       1
       1
       2
       0
       2
       1
       0
       2
       1
       1
       3
       2
       0
       1
       0
       0
       2
       2
       1
       1
       1
       1
       2
       1
       1
       1
       3
       0
       0
       1
       0
       1
       0
       0
       0
       0
       0
       1
       1
       2
       0
       2
       1
       0
       1
       1
       2
       0
       0
       1
       2
       1
       1
       0
       1
       2
       0
       1
       0
       0
       0
       0
       1
       0
       0
       2
       1
       0
       0
       0
       0
       0
       1
       0
       0
       1
       0
       2
       0
       0
       2
       0
       0
       0
       0
       1
       0
       0
       0
       0
       0
       0
       1
       1
       0
       0
       2
       0
       0
       0
       0
       1
       1
       0
       0
       0
       0
       0
       0
       3
       0
       0
       0
       1
       1
       0
       1
       0
       0
       0
       0
       2
       1
       1
       1
       1
       0
       0
       1
       1
       0
       1
       2
       0
       0
       0
       0
       1
       0
       0
       1
       0
       1
       0
       0
       0
       0
       0
       0
       1
       2
       1
       1
       0
       1
       2
       0
       0
       1
       0
       0
       0
       2
       0
       1
       0
       1
       1
       0
       0
       0
       0
       0
       0
       0
       0
       0
       0
       0
       0
       0
       0
       0
       0
       0
       0
       0
       0
       0
       0
       0
       0
       0
       0
       0
       0
       0
       0
       0
       0
       0
       0
       0
       0
       0
       0
$ROI:
0
$PRESETS:
None
0
0
$ENER_FIT:
-8.215019 1.172043
$MCA_CAL:
3
-8.215019E+000 1.172043E+000 0.000000E+000 keV
$SHAPE_CAL:
3
0.000000E+000 0.000000E+000 0.000000E+000
