$SPEC_ID:
No sample description was entered.
$SPEC_REM:
DET# 2
DETDESC# PHY-NUCLAB-02 MCB 129
AP# Maestro Version 7.01
$DATE_MEA:
02/10/2021 09:56:48
$MEAS_TIM:
473 476
$DATA:
0 2047
       0
       0
       0
       0
       0
       0
       0
       0
       0
       0
       0
       0
       0
       0
       0
       0
       0
       0
       0
       0
       0
       0
       0
       0
       0
       0
       0
       0
       0
       0
       0
       0
       0
       0
       0
       0
       0
       0
       0
       0
       0
       0
       0
       0
       0
       0
       0
       0
       0
       0
       0
       0
       0
       0
       0
       0
       0
       0
       0
       0
       0
       0
       0
       0
       0
       0
       0
       0
       0
       0
       0
       0
       0
       0
       0
       0
       0
       0
       0
       0
       0
       0
       0
       0
       0
       0
       0
       0
       0
       0
       0
       0
       0
       0
       0
       0
       0
       0
       0
       0
       0
       0
       0
       0
       0
       0
       0
       0
       0
       0
       0
       0
       0
       0
       0
       0
       0
       0
       0
       0
       0
       0
       0
       0
       0
       0
       0
       0
       0
       0
       0
       0
       0
       0
       0
       0
       0
       0
       0
       0
       0
       0
       0
       0
       0
       0
      18
    1686
    1944
    2022
    1936
    2025
    2015
    2036
    1989
    1874
    1987
    1840
    1884
    1919
    1910
    1870
    1794
    1860
    1869
    1954
    1831
    1831
    1877
    1779
    1844
    1819
    1797
    1884
    1823
    1796
    1785
    1791
    1862
    1825
    1805
    1774
    1795
    1790
    1767
    1798
    1731
    1751
    1687
    1628
    1629
    1608
    1600
    1550
    1606
    1578
    1617
    1559
    1496
    1500
    1497
    1454
    1482
    1424
    1524
    1434
    1410
    1392
    1344
    1329
    1404
    1306
    1306
    1260
    1281
    1263
    1282
    1242
    1234
    1217
    1139
    1193
    1177
    1100
    1147
    1182
    1138
    1096
    1133
    1067
    1058
    1111
    1081
    1064
    1117
    1136
    1038
    1029
    1040
    1080
    1105
     969
     999
     971
    1022
     949
    1036
    1023
    1023
     972
     917
    1066
     975
     977
     974
     944
     960
     951
     956
     957
     913
     914
     900
     918
     919
     869
     884
     913
     912
     895
     857
     868
     824
     786
     779
     812
     788
     837
     748
     786
     775
     756
     684
     660
     677
     656
     629
     568
     644
     592
     601
     601
     572
     540
     527
     543
     527
     552
     499
     459
     509
     482
     490
     500
     422
     493
     438
     452
     456
     443
     454
     427
     426
     397
     428
     394
     371
     438
     403
     380
     370
     349
     409
     366
     391
     374
     369
     378
     397
     400
     368
     346
     352
     331
     344
     338
     332
     331
     341
     354
     346
     316
     316
     317
     338
     332
     332
     309
     338
     355
     307
     298
     317
     323
     304
     305
     332
     316
     332
     322
     338
     293
     305
     288
     328
     295
     316
     285
     318
     307
     334
     300
     313
     308
     312
     279
     277
     340
     289
     329
     298
     279
     299
     287
     328
     307
     300
     297
     274
     325
     316
     325
     290
     310
     312
     346
     340
     314
     349
     369
     397
     410
     419
     433
     479
     486
     540
     583
     635
     647
     692
     813
     896
     944
    1052
    1126
    1227
    1316
    1476
    1574
    1768
    1836
    2053
    2218
    2414
    2448
    2746
    2874
    2950
    3256
    3366
    3595
    3674
    3813
    4056
    4185
    4132
    4391
    4360
    4519
    4574
    4743
    4643
    4702
    4681
    4595
    4500
    4362
    4401
    4104
    4011
    3887
    3631
    3502
    3351
    3247
    2965
    2660
    2604
    2320
    2175
    1911
    1807
    1624
    1391
    1324
    1190
    1042
     822
     818
     678
     616
     513
     479
     441
     384
     341
     289
     261
     247
     232
     202
     214
     201
     179
     155
     155
     161
     183
     126
     157
     128
     129
     131
     135
     139
     160
     133
     145
     120
     134
     161
     131
     130
     136
     145
     153
     134
     137
     118
     123
     153
     147
     140
     123
     133
     150
     124
     137
     143
     126
     147
     151
     110
     144
     124
     128
     116
     118
     115
     132
     134
     145
     127
     133
     123
     125
     117
     134
     122
     143
     121
     115
     105
     139
     154
     125
     130
     146
     126
     140
     113
     141
     129
     151
     122
     131
     114
     128
     129
     117
     149
     137
     114
     116
     142
     125
     114
     137
     141
     118
     108
     125
     121
     120
     127
     109
     138
     114
     133
     121
     127
     137
     131
     144
     128
     130
     116
     120
     120
     106
     135
     127
     113
     125
     125
     112
     118
     129
     134
     123
     152
     131
     139
     123
     151
     129
     151
     127
     128
     126
     137
     129
     123
     123
     125
     135
     115
     137
     140
     124
     114
     128
     133
     134
     130
     139
     120
     127
     125
     125
     107
     131
     131
     131
     117
     142
     145
     123
     151
     137
     125
     118
     113
     125
     122
     135
     130
     132
     121
     107
     126
     116
     124
     130
     138
     140
     119
     120
     143
     143
     127
     139
     111
     135
     136
     134
     121
     149
     150
     132
     155
     124
     133
     131
     164
     131
     122
     140
     121
     126
     134
     131
     129
     144
     134
     137
     132
     128
     121
     146
     121
     145
     118
     124
     157
     140
     142
     150
     131
     140
     140
     108
     133
     120
     127
     125
     131
     127
     138
     133
     136
     142
     146
     117
     134
     145
     145
     117
     121
     148
     121
     117
     132
     114
     141
     134
     162
     145
     139
     159
     150
     131
     141
     124
     149
     138
     126
     142
     146
     132
     126
     125
     141
     137
     131
     148
     125
     128
     131
     141
     146
     132
     145
     136
     145
     133
     140
     124
     158
     157
     119
     121
     146
     129
     139
     138
     128
     129
     155
     163
     135
     157
     121
     160
     155
     151
     150
     161
     158
     138
     132
     162
     147
     160
     145
     136
     154
     148
     145
     148
     149
     146
     159
     133
     159
     159
     151
     173
     175
     159
     157
     158
     153
     146
     149
     142
     139
     155
     150
     145
     159
     156
     152
     168
     150
     184
     163
     163
     160
     152
     149
     155
     158
     145
     151
     165
     151
     154
     164
     153
     170
     188
     151
     142
     178
     177
     164
     151
     165
     174
     157
     161
     160
     165
     155
     183
     163
     170
     143
     162
     176
     177
     160
     151
     160
     139
     141
     158
     154
     171
     161
     165
     161
     160
     164
     166
     150
     154
     141
     144
     151
     144
     136
     167
     138
     164
     131
     150
     171
     142
     139
     126
     122
     124
     130
     109
     108
     119
     129
     124
     103
     114
     120
     100
     126
     120
     117
     105
     101
      98
     119
     114
     110
      96
      88
      98
      84
      86
      82
      84
      86
      81
     101
      91
      73
      80
      98
      73
      59
      76
      69
      73
      55
      60
      69
      55
      73
      59
      66
      52
      67
      59
      60
      47
      55
      57
      51
      52
      59
      47
      43
      35
      45
      64
      45
      50
      46
      40
      51
      45
      35
      46
      40
      44
      44
      37
      44
      37
      45
      39
      39
      42
      23
      34
      40
      33
      35
      33
      34
      24
      34
      32
      27
      37
      44
      38
      36
      25
      30
      16
      24
      28
      23
      27
      19
      19
      21
      27
      20
      25
      18
      28
      29
      23
      29
      17
      20
      16
      31
      32
      22
      18
      23
      22
      22
      36
      25
      22
      25
      17
      29
      23
      22
      34
      34
      22
      23
      23
      28
      24
      26
      39
      34
      32
      26
      45
      35
      42
      34
      47
      40
      58
      44
      48
      50
      41
      67
      60
      71
      75
      64
      73
      87
      82
      83
     114
     110
     111
     131
     114
     138
     119
     128
     153
     173
     173
     192
     207
     200
     234
     233
     253
     270
     272
     299
     291
     319
     332
     341
     384
     339
     372
     377
     404
     431
     482
     419
     490
     481
     479
     495
     494
     509
     543
     553
     569
     555
     588
     638
     565
     599
     592
     587
     571
     543
     546
     613
     587
     556
     568
     558
     517
     544
     517
     491
     488
     463
     463
     476
     455
     481
     451
     458
     451
     396
     364
     367
     349
     326
     318
     337
     271
     287
     261
     257
     217
     223
     208
     198
     188
     170
     166
     155
     136
     134
     124
     112
     119
      95
      81
      84
      81
      65
      66
      60
      60
      60
      48
      44
      46
      55
      35
      29
      28
      36
      23
      13
      18
      20
      14
      12
      17
      10
      15
      12
      17
       6
      17
       7
      13
       7
      12
       4
      10
       7
       5
      14
      10
       5
      12
       6
       7
       5
       5
       6
       4
       7
      14
       4
       7
      12
       6
      12
      10
      13
       5
      11
      11
      11
       7
       7
      13
       8
      11
       5
       6
       8
       7
      12
       4
       6
       9
      11
      18
      10
      10
      15
       4
      10
      13
       8
       8
      10
      17
      10
      11
      14
      11
      17
      15
       8
      18
      12
      17
       9
      16
      13
      17
      12
      11
      20
      15
      10
      18
      16
      16
      13
      22
      16
      14
      15
      11
      13
      17
       9
      18
      17
      13
      18
      16
      19
      18
       7
      13
      16
      12
      16
      16
      11
      12
      14
      18
      17
      10
       6
      17
      15
       7
      14
      10
      13
      11
       7
       8
       9
      11
      10
       4
      13
      10
       9
      13
       5
       4
       6
       4
       3
       3
       7
       6
       8
       6
       6
       5
       8
       7
       4
       4
       8
       5
       5
       4
       6
       4
       2
       4
       2
       4
       3
       1
       5
       5
      11
       5
       3
       7
       5
       8
       8
       0
       6
       6
       4
       4
       5
       5
       4
       0
       7
       5
       7
       6
       3
       0
       3
       6
       1
       0
       5
       1
       3
       3
       4
       7
       3
       5
       4
       0
       2
       2
       3
       1
       2
       6
       0
       4
       1
       2
       4
       2
       5
       1
       4
       5
       3
       3
       3
       1
       4
       7
       3
       6
       4
       5
       3
       3
       4
       1
       2
       2
       4
       1
       2
       4
       4
       5
       1
       2
       2
       2
       1
       2
       2
       3
       2
       3
       2
       3
       2
       1
       3
       6
       3
       2
       2
       3
       1
       3
       0
       1
       1
       2
       3
       3
       3
       1
       1
       2
       0
       1
       1
       1
       3
       1
       2
       1
       2
       3
       1
       3
       2
       3
       3
       2
       2
       2
       2
       0
       2
       1
       4
       1
       4
       0
       0
       6
       2
       1
       2
       1
       2
       1
       3
       4
       1
       1
       0
       0
       2
       1
       3
       3
       3
       0
       2
       0
       4
       2
       3
       2
       4
       1
       2
       0
       2
       0
       3
       7
       4
       0
       3
       4
       3
       6
       1
       3
       4
       8
       5
       1
       3
       3
       8
       3
       5
       2
       3
       3
       6
       6
       3
       2
       5
       1
       2
       4
       4
       6
       4
       4
       8
       3
       3
       5
       4
       4
       4
       4
       7
       1
       7
       4
       4
       3
       0
       3
       6
       4
       5
       4
       4
       2
       3
       1
       3
       6
       7
       5
       3
       5
       4
       2
       8
       4
       5
       4
       5
       7
       5
       3
       7
       4
       2
       6
       7
       3
       4
       6
       5
       4
       3
       4
       1
       4
       4
       4
       4
       7
       4
       0
       3
       4
       4
       2
       5
       3
       4
       1
       1
       3
       1
       3
       3
       2
       2
       3
       2
       1
       0
       0
       3
       1
       3
       0
       0
       1
       0
       1
       2
       2
       2
       0
       0
       2
       1
       2
       1
       0
       1
       1
       1
       0
       0
       0
       0
       1
       2
       1
       1
       1
       0
       0
       2
       1
       1
       0
       0
       1
       1
       0
       1
       1
       2
       0
       1
       2
       0
       1
       0
       0
       2
       1
       1
       1
       2
       0
       1
       0
       0
       1
       1
       1
       2
       0
       0
       0
       0
       2
       0
       0
       1
       1
       0
       0
       1
       1
       1
       0
       0
       0
       0
       0
       0
       0
       1
       0
       1
       2
       2
       0
       1
       1
       0
       0
       0
       2
       0
       0
       0
       0
       1
       0
       0
       1
       0
       0
       0
       0
       2
       0
       1
       1
       2
       2
       1
       1
       0
       1
       1
       0
       1
       1
       1
       0
       0
       1
       1
       0
       0
       0
       0
       1
       2
       0
       2
       3
       1
       2
       1
       1
       1
       0
       1
       0
       0
       0
       1
       1
       0
       0
       0
       0
       0
       0
       2
       2
       2
       0
       0
       0
       2
       1
       2
       0
       1
       3
       0
       0
       2
       2
       1
       0
       0
       1
       0
       1
       0
       1
       0
       3
       3
       2
       1
       0
       4
       1
       0
       0
       0
       1
       1
       0
       1
       1
       2
       0
       1
       1
       0
       0
       0
       0
       0
       0
       3
       1
       0
       0
       2
       2
       0
       0
       0
       1
       1
       1
       1
       2
       1
       0
       1
       1
       0
       2
       1
       2
       0
       2
       0
       1
       0
       2
       2
       0
       1
       1
       1
       0
       2
       1
       1
       2
       0
       1
       0
       2
       1
       1
       0
       1
       2
       0
       1
       2
       1
       2
       0
       0
       1
       1
       0
       0
       1
       0
       1
       2
       0
       0
       2
       1
       2
       1
       1
       0
       0
       1
       0
       1
       1
       1
       1
       0
       0
       0
       1
       3
       1
       1
       0
       0
       5
       0
       0
       3
       0
       0
       2
       0
       1
       0
       0
       0
       2
       0
       0
       3
       1
       2
       0
       1
       1
       2
       0
       0
       0
       0
       1
       0
       0
       0
       0
       2
       1
       1
       0
       4
       0
       0
       0
       1
       0
       0
       1
       3
       2
       1
       2
       2
       0
       0
       0
       0
       0
       0
       0
       1
       0
       0
       0
       0
       1
       1
       1
       1
       2
       1
       0
       0
       1
       0
       0
       0
       1
       0
       0
       0
       0
       0
       0
       0
       1
       1
       1
       2
       0
       0
       0
       0
       0
       0
       1
       1
       0
       0
       0
       1
       1
       1
       1
       1
       2
       1
       0
       0
       0
       0
       0
       1
       1
       2
       0
       1
       0
       0
       1
       1
       0
       0
       1
       0
       1
       0
       0
       0
       0
       0
       0
       0
       0
       0
       0
       0
       0
       0
       0
       0
       0
       0
       0
       0
       0
       0
       0
       0
       0
       0
       0
       0
       0
       0
       0
       0
       0
       0
       0
       0
       0
$ROI:
1
556 718
$PRESETS:
None
0
0
$ENER_FIT:
-8.215019 1.172043
$MCA_CAL:
3
-8.215019E+000 1.172043E+000 0.000000E+000 keV
$SHAPE_CAL:
3
0.000000E+000 0.000000E+000 0.000000E+000
