$SPEC_ID:
No sample description was entered.
$SPEC_REM:
DET# 8
DETDESC# PHY-NUCLAB-03 MCB 129
AP# Maestro Version 7.01
$DATE_MEA:
02/26/2024 09:32:50
$MEAS_TIM:
224 227
$DATA:
0 1023
       0
       0
       0
       0
       0
       0
       0
       0
       0
       0
       0
       0
       0
       0
       0
       0
       0
       0
       0
       0
       0
       0
       0
       0
       0
       0
       0
       0
       0
       1
    7439
   13244
    9349
    5460
    2982
    2145
    1958
    2015
    1929
    2120
    1977
    1955
    2018
    2030
    1998
    1983
    1942
    1978
    1999
    1975
    1952
    1954
    1984
    1979
    2019
    2113
    2044
    2136
    2203
    2321
    2368
    2506
    2434
    2553
    2567
    2422
    2430
    2445
    2361
    2315
    2417
    2247
    2290
    2263
    2230
    2195
    2165
    2041
    2012
    2046
    2021
    1995
    2003
    1808
    1745
    1829
    1743
    1768
    1733
    1726
    1730
    1711
    1699
    1624
    1634
    1642
    1635
    1630
    1595
    1591
    1580
    1576
    1577
    1602
    1624
    1536
    1527
    1511
    1643
    1554
    1567
    1636
    1569
    1533
    1567
    1563
    1622
    1638
    1582
    1557
    1585
    1462
    1492
    1411
    1378
    1367
    1350
    1205
    1153
    1096
    1064
    1007
     969
     901
     876
     881
     856
     792
     837
     790
     772
     764
     739
     795
     727
     765
     764
     733
     722
     673
     703
     689
     707
     702
     666
     699
     706
     674
     704
     691
     711
     688
     671
     638
     665
     699
     709
     742
     828
     777
     903
     969
    1154
    1414
    1713
    2049
    2433
    2952
    3618
    4394
    5018
    5745
    6190
    6846
    7151
    7559
    7446
    7221
    6750
    6291
    5491
    4729
    3994
    3215
    2658
    2067
    1565
    1293
     969
     710
     609
     598
     510
     492
     464
     463
     467
     455
     482
     444
     522
     473
     522
     501
     473
     486
     465
     506
     442
     488
     458
     470
     456
     477
     465
     456
     448
     457
     474
     487
     457
     498
     449
     471
     484
     479
     475
     481
     491
     469
     478
     466
     478
     521
     494
     495
     478
     477
     512
     522
     578
     520
     550
     495
     509
     585
     533
     515
     498
     504
     469
     453
     519
     507
     449
     440
     454
     432
     412
     370
     346
     311
     333
     315
     279
     273
     283
     245
     258
     226
     217
     200
     192
     174
     167
     176
     171
     149
     170
     141
     147
     134
     153
     142
     144
     126
     113
     108
     139
     123
     107
     127
     122
      89
     112
     133
     108
     101
     117
     115
     100
      96
     125
     108
     137
     131
     120
     147
     184
     204
     265
     291
     279
     341
     466
     526
     626
     682
     843
     972
    1111
    1282
    1398
    1517
    1619
    1810
    1858
    1910
    1997
    1986
    2034
    1896
    1810
    1765
    1675
    1446
    1356
    1228
    1054
     903
     771
     618
     538
     432
     368
     272
     233
     182
     158
     141
     117
      91
      89
      76
      87
      65
      49
      50
      55
      55
      51
      40
      60
      55
      55
      54
      46
      35
      39
      54
      52
      53
      54
      47
      49
      54
      47
      54
      44
      47
      52
      66
      50
      50
      42
      55
      51
      41
      69
      47
      46
      55
      48
      62
      60
      47
      49
      57
      65
      52
      48
      44
      43
      55
      60
      61
      50
      53
      47
      49
      54
      44
      55
      60
      46
      42
      54
      45
      61
      50
      52
      52
      46
      48
      39
      50
      50
      44
      52
      51
      60
      50
      38
      52
      54
      49
      51
      68
      53
      39
      51
      53
      66
      51
      55
      70
      57
      62
      60
      61
      55
      50
      60
      53
      62
      54
      42
      46
      49
      45
      41
      36
      46
      40
      47
      29
      34
      34
      30
      37
      25
      32
      23
      21
      18
      19
      15
      27
      28
      20
      26
      20
      16
      22
      22
      19
      17
      22
      25
      16
      11
      14
      15
      13
      16
      19
      12
      18
      25
      20
      28
      15
      23
      22
      24
      28
      29
      32
      27
      33
      46
      47
      43
      38
      35
      37
      43
      46
      45
      38
      28
      34
      32
      36
      35
      34
      20
      45
      37
      35
      27
      45
      53
      43
      50
      59
      72
      50
      81
      51
      67
      68
      65
      80
      70
      65
      90
      80
      90
      72
      79
      71
      67
      71
      71
      53
      61
      41
      50
      49
      30
      31
      24
      26
      23
      24
      16
      16
      15
       7
       6
      10
       9
       0
       6
       3
       5
       1
       5
       3
       2
       2
       2
       1
       1
       2
       2
       4
       2
       1
       0
       1
       0
       2
       2
       1
       3
       5
       3
       1
       5
       4
       1
       2
       3
       1
       4
       1
       1
       2
       3
       2
       3
       1
       1
       2
       2
       1
       0
       1
       1
       0
       1
       2
       1
       2
       2
       0
       4
       1
       2
       1
       1
       2
       0
       0
       1
       1
       6
       3
       4
       1
       0
       5
       1
       1
       1
       1
       0
       5
       1
       2
       1
       1
       4
       1
       2
       3
       1
       3
       4
       6
       3
       2
       3
       3
       1
       2
       3
       5
       1
       0
       1
       2
       2
       1
       1
       1
       1
       2
       1
       3
       3
       1
       1
       0
       0
       3
       0
       1
       1
       0
       0
       0
       1
       4
       1
       3
       1
       0
       1
       4
       3
       1
       0
       1
       2
       1
       0
       2
       4
       2
       0
       1
       0
       3
       3
       0
       4
       2
       2
       2
       0
       2
       2
       0
       1
       0
       4
       1
       2
       2
       2
       1
       4
       1
       0
       0
       2
       2
       4
       4
       0
       0
       0
       1
       2
       0
       1
       0
       0
       2
       1
       2
       0
       1
       1
       1
       0
       0
       0
       0
       0
       2
       0
       0
       0
       1
       0
       0
       0
       0
       1
       1
       1
       0
       0
       0
       1
       1
       0
       0
       0
       0
       2
       0
       1
       2
       1
       1
       1
       1
       2
       3
       0
       2
       1
       0
       3
       2
       2
       0
       2
       1
       1
       0
       1
       0
       2
       1
       0
       1
       1
       0
       2
       0
       2
       0
       1
       0
       0
       1
       0
       0
       1
       1
       0
       0
       1
       0
       0
       1
       0
       0
       0
       0
       0
       0
       0
       0
       1
       0
       0
       0
       0
       0
       0
       0
       0
       0
       0
       0
       0
       0
       0
       0
       0
       0
       0
       0
       0
       0
       0
       0
       0
       0
       0
       0
       0
       0
       0
       0
       0
       0
       0
       0
       1
       0
       0
       0
       0
       0
       0
       0
       0
       0
       0
       0
       0
       0
       0
       0
       1
       0
       0
       0
       0
       0
       0
       0
       0
       0
       0
       0
       0
       0
       0
       0
       0
       0
       0
       0
       0
       0
       0
       0
       0
       0
       0
       0
       0
       0
       0
       0
       0
       0
       0
       0
       0
       0
       0
       0
       0
       0
       0
       0
       0
       0
       0
       0
       0
       0
       0
       0
       0
       0
       0
       0
       0
       0
       0
       0
       0
       0
       0
       0
       0
       0
       0
       0
       0
       0
       0
       0
       0
       0
       0
       0
       0
       0
       0
       0
       0
       0
       0
       0
       0
       0
       0
       0
       0
       0
       0
       0
       0
       0
       0
       0
       0
       0
       0
       0
       0
       0
       0
       0
       0
       0
       0
       0
       0
       0
       0
       0
       0
       0
       0
       0
       0
       0
       0
       0
       0
       0
$ROI:
3
161 207
317 364
534 583
$PRESETS:
Live Time
2000
0
$ENER_FIT:
-26.163389 3.233024
$MCA_CAL:
3
-2.616339E+001 3.233024E+000 0.000000E+000 keV
$SHAPE_CAL:
3
7.928067E+000 2.986555E-002 0.000000E+000
