$SPEC_ID:
No sample description was entered.
$SPEC_REM:
DET# 8
DETDESC# PHY-NUCLAB-03 MCB 129
AP# Maestro Version 7.01
$DATE_MEA:
02/26/2024 09:43:36
$MEAS_TIM:
230 230
$DATA:
0 1023
       0
       0
       0
       1
       0
       0
       0
       0
       0
       0
       0
       0
       0
       0
       0
       0
       0
       0
       0
       0
       0
       0
       0
       0
       0
       0
       0
       0
       0
       0
     295
     623
     576
     537
     553
     546
     550
     570
     531
     576
     515
     551
     540
     535
     543
     509
     509
     440
     496
     499
     473
     424
     453
     439
     420
     425
     376
     367
     400
     372
     400
     367
     355
     347
     304
     323
     322
     322
     318
     273
     308
     301
     311
     313
     279
     318
     308
     254
     302
     281
     250
     271
     232
     238
     221
     245
     186
     216
     207
     192
     179
     163
     181
     188
     179
     152
     155
     152
     145
     128
     163
     146
     140
     128
     138
     134
     110
     121
     111
     132
     122
     114
     135
     128
     134
     115
     123
     127
     114
      99
      98
     101
      96
      78
      93
      82
      80
      99
      88
      81
      71
      82
      80
      78
      83
      62
      75
      62
      67
      80
      75
      70
      66
      66
      63
      68
      79
      53
      62
      50
      68
      55
      61
      79
      67
      69
      61
      66
      75
      75
      69
      68
      69
      48
      53
      58
      66
      46
      61
      72
      60
      66
      51
      67
      51
      44
      57
      62
      52
      51
      60
      57
      63
      47
      46
      53
      62
      56
      51
      60
      58
      62
      56
      46
      47
      50
      56
      53
      61
      46
      51
      56
      56
      39
      52
      41
      33
      52
      45
      34
      49
      32
      42
      41
      34
      33
      36
      35
      37
      36
      46
      56
      45
      34
      41
      29
      40
      37
      51
      49
      36
      47
      35
      38
      49
      35
      37
      43
      42
      46
      38
      32
      44
      27
      47
      26
      51
      37
      35
      26
      29
      31
      39
      37
      34
      28
      32
      28
      29
      49
      31
      46
      37
      27
      34
      43
      36
      42
      37
      31
      32
      41
      35
      38
      36
      32
      38
      44
      41
      32
      50
      49
      32
      35
      44
      36
      39
      32
      47
      38
      38
      41
      37
      42
      32
      29
      27
      28
      30
      36
      37
      31
      36
      39
      33
      30
      38
      36
      27
      29
      31
      21
      23
      34
      30
      21
      14
      26
      26
      31
      25
      22
      21
      31
      21
      24
      35
      25
      31
      28
      28
      33
      21
      22
      28
      21
      28
      19
      24
      23
      27
      27
      31
      24
      30
      17
      23
      30
      28
      20
      18
      28
      30
      34
      22
      32
      24
      41
      38
      50
      41
      45
      49
      54
      61
      62
      58
      61
      68
      63
      74
      70
      58
      60
      64
      47
      52
      57
      41
      36
      32
      29
      28
      16
      25
      21
      23
       9
      11
      10
      11
      13
      10
      14
      17
       6
       8
      15
      14
       9
      17
      16
      14
      14
      16
      32
      22
      30
      42
      37
      46
      37
      26
      47
      35
      38
      46
      48
      48
      45
      39
      50
      41
      36
      29
      47
      28
      26
      31
      23
      18
      15
      13
      17
       9
      13
      12
       9
      12
      19
      13
      16
      14
      15
      16
      10
      11
      16
      17
      19
      14
      21
      27
      20
      27
      22
      20
      16
      25
      27
      17
      15
      13
      11
      19
      14
      12
       8
      13
       5
       8
       7
       8
       4
       4
       2
       2
       2
       8
       1
       3
       0
       1
       4
       3
       1
       4
       4
       1
       4
       1
       3
       4
       3
       5
       1
       2
       0
       3
       3
       7
       4
       4
       0
       1
       2
       3
       2
       2
       1
       2
       3
       1
       0
       0
       2
       1
       3
       2
       3
       1
       4
       1
       2
       1
       2
       1
       3
       4
       2
       4
       3
       2
       4
       2
       4
       2
       4
       2
       1
       2
       2
       4
       5
       1
       1
       2
       1
       0
       3
       2
       3
       7
       3
       5
       4
       2
       1
       1
       1
       2
       1
       2
       3
       2
       2
       3
       0
       2
       2
       3
       2
       1
       5
       2
       2
       1
       4
       0
       3
       2
       4
       2
       1
       2
       0
       0
       4
       2
       1
       1
       3
       1
       0
       1
       2
       2
       2
       1
       3
       1
       1
       2
       0
       0
       0
       1
       1
       0
       0
       0
       1
       1
       1
       1
       1
       0
       2
       0
       0
       0
       4
       1
       1
       0
       1
       2
       1
       2
       2
       2
       0
       3
       2
       1
       1
       1
       1
       2
       1
       1
       1
       2
       1
       1
       0
       4
       2
       0
       3
       3
       0
       1
       1
       1
       1
       1
       2
       3
       2
       1
       1
       1
       1
       0
       2
       1
       2
       1
       0
       2
       2
       2
       1
       2
       1
       1
       2
       2
       0
       0
       0
       0
       6
       0
       2
       1
       1
       1
       0
       1
       1
       1
       1
       2
       3
       0
       1
       0
       1
       0
       0
       0
       1
       4
       1
       1
       4
       1
       1
       3
       1
       3
       0
       5
       2
       0
       0
       0
       0
       1
       3
       0
       1
       0
       0
       2
       0
       0
       0
       0
       0
       1
       0
       1
       0
       0
       0
       0
       0
       0
       0
       0
       1
       0
       0
       0
       0
       0
       0
       0
       1
       0
       0
       0
       0
       0
       0
       0
       1
       0
       1
       0
       0
       0
       1
       0
       0
       1
       0
       0
       1
       0
       0
       0
       1
       0
       2
       0
       1
       1
       2
       0
       1
       1
       1
       1
       2
       0
       2
       1
       1
       0
       0
       0
       3
       1
       0
       2
       0
       1
       2
       2
       1
       0
       0
       1
       2
       1
       2
       1
       3
       2
       2
       2
       0
       2
       1
       0
       0
       0
       0
       1
       0
       1
       1
       0
       0
       0
       0
       0
       1
       0
       0
       0
       0
       0
       0
       0
       0
       0
       1
       0
       0
       0
       0
       0
       0
       0
       0
       0
       0
       0
       0
       0
       0
       0
       0
       0
       0
       0
       0
       0
       0
       0
       0
       0
       0
       0
       0
       1
       0
       0
       0
       1
       0
       0
       0
       0
       0
       0
       0
       0
       0
       0
       1
       1
       0
       1
       0
       0
       0
       0
       0
       0
       0
       0
       0
       0
       0
       0
       0
       0
       0
       0
       0
       0
       0
       0
       0
       0
       0
       0
       0
       0
       0
       0
       0
       0
       0
       0
       0
       0
       0
       0
       0
       0
       0
       0
       0
       0
       0
       0
       0
       0
       0
       0
       0
       0
       0
       0
       0
       0
       0
       0
       0
       0
       0
       0
       0
       0
       0
       0
       0
       0
       0
       0
       0
       0
       0
       0
       0
       0
       0
       0
       0
       0
       0
       0
       0
       0
       0
       0
       0
       0
       0
       0
       0
       0
       0
       0
       0
       0
       0
       0
       0
       0
       0
       0
       0
       0
       0
       0
       0
       0
       0
       0
       0
       0
       0
       0
       0
       0
       0
       0
       0
       0
       0
       0
       0
       0
       0
       0
       0
       0
       0
       0
       0
       0
       0
       0
       0
       0
       0
$ROI:
2
351 390
404 431
$PRESETS:
Live Time
2000
0
$ENER_FIT:
-26.163389 3.233024
$MCA_CAL:
3
-2.616339E+001 3.233024E+000 0.000000E+000 keV
$SHAPE_CAL:
3
7.928067E+000 2.986555E-002 0.000000E+000
