$SPEC_ID:
No sample description was entered.
$SPEC_REM:
DET# 8
DETDESC# PHY-NUCLAB-03 MCB 129
AP# Maestro Version 7.01
$DATE_MEA:
02/26/2024 09:49:35
$MEAS_TIM:
227 228
$DATA:
0 1023
       0
       0
       0
       0
       0
       0
       0
       0
       0
       0
       0
       0
       0
       0
       0
       0
       0
       0
       0
       0
       0
       0
       0
       0
       0
       0
       0
       0
       0
       0
     473
     989
     943
     939
     853
     909
     935
     913
     893
     928
     879
     930
     929
     871
     952
     912
     908
     914
     901
     894
     912
     842
     880
     839
     831
     814
     822
     825
     857
     838
     879
     905
    1004
     946
    1028
     963
    1011
     960
     960
     852
     885
     836
     771
     807
     811
     786
     789
     810
     736
     706
     752
     708
     669
     673
     607
     556
     611
     521
     595
     584
     605
     620
     563
     582
     540
     577
     529
     574
     537
     529
     507
     492
     485
     512
     526
     509
     520
     504
     525
     450
     496
     433
     478
     469
     502
     466
     485
     490
     468
     464
     478
     452
     435
     471
     476
     452
     445
     462
     473
     507
     501
     480
     497
     454
     523
     478
     456
     462
     448
     497
     496
     430
     474
     483
     456
     453
     412
     452
     410
     427
     389
     342
     321
     308
     288
     264
     229
     238
     209
     234
     199
     188
     183
     155
     212
     151
     168
     155
     162
     176
     137
     163
     153
     147
     148
     136
     122
     119
     114
     123
     136
     115
     130
     130
     128
     132
     122
     136
     102
     128
     114
     129
     120
     126
     140
     166
     160
     184
     254
     306
     366
     490
     592
     761
     951
    1124
    1313
    1523
    1822
    1956
    2204
    2323
    2487
    2473
    2489
    2399
    2241
    2069
    1835
    1573
    1334
    1068
     951
     638
     523
     376
     251
     182
     153
      86
      65
      54
      21
      23
      28
      28
      31
      24
      15
      22
      19
      18
      26
      14
      15
      16
      16
      22
      23
      23
      21
      17
      14
      20
      14
      10
      23
      18
      12
      13
      11
      17
      10
      14
      22
      17
      14
      17
      19
      12
      15
      20
      11
      17
      22
      16
       9
      14
      10
      13
      16
      16
      16
      13
      24
      20
      13
      16
      13
      20
      14
      18
      23
      23
      19
      17
      16
      17
      14
      15
      16
      15
      20
      14
      15
      18
      16
      14
      11
      18
      12
      13
      18
      18
       7
      14
      15
      10
      16
      14
       7
       8
      12
      10
      11
       9
      21
      13
      11
      10
      11
      17
      11
      13
      19
      11
       9
       6
       9
      16
      14
       6
       7
      16
      10
      12
      15
      12
      13
      14
      10
      14
      15
      16
       6
      12
       8
      13
       9
      10
      16
      13
       9
       6
      11
       7
       7
      13
      14
      13
      10
       9
       7
       4
      12
      10
      12
       9
       6
       6
       7
       9
       4
       9
       7
       6
       8
       8
       7
       7
       6
       7
       7
      10
       7
      11
       5
       5
       4
       7
       3
       2
       4
       7
       8
       5
       4
       5
      14
       6
       4
       5
       6
       5
       5
       6
       4
       3
       7
       1
       2
       5
       5
       7
       4
       3
       7
       5
       4
       3
       3
       8
       5
       4
       3
       8
       3
       5
       8
       3
       9
       7
       9
       8
      14
       8
      11
      11
      10
      17
      17
      13
      14
      14
      15
      19
      11
      19
      16
      21
      13
      28
      19
      13
      17
      13
      17
      12
      11
      10
      10
       9
       8
       1
      10
       6
       6
       5
       5
       4
       2
       6
       3
       4
       3
       4
       4
       2
       3
       5
       4
       3
       1
       2
       3
       0
       1
       1
       0
       2
       2
       1
       4
       6
       1
       1
       2
       1
       3
       2
       2
       1
       4
       0
       1
       1
       2
       3
       2
       2
       0
       4
       1
       2
       3
       2
       3
       0
       0
       3
       0
       2
       1
       3
       0
       0
       2
       4
       3
       2
       3
       1
       1
       1
       1
       1
       1
       2
       2
       1
       2
       3
       4
       0
       1
       2
       2
       5
       3
       4
       2
       3
       0
       1
       1
       2
       1
       4
       1
       2
       0
       3
       4
       2
       0
       2
       0
       1
       0
       1
       1
       3
       2
       0
       1
       0
       0
       1
       3
       0
       0
       1
       0
       1
       2
       0
       0
       1
       0
       1
       2
       2
       1
       2
       0
       0
       1
       0
       2
       3
       1
       2
       0
       0
       0
       0
       0
       1
       0
       1
       1
       0
       2
       1
       0
       1
       1
       1
       2
       2
       0
       1
       2
       2
       2
       1
       1
       2
       1
       1
       0
       3
       0
       0
       3
       1
       2
       2
       1
       1
       2
       2
       0
       3
       2
       0
       0
       1
       2
       0
       2
       0
       3
       1
       1
       1
       1
       2
       1
       2
       2
       1
       2
       1
       0
       1
       3
       2
       0
       0
       0
       1
       0
       0
       1
       1
       0
       6
       3
       2
       1
       1
       0
       1
       2
       0
       0
       0
       1
       2
       1
       1
       2
       0
       1
       1
       0
       1
       0
       1
       0
       1
       0
       0
       1
       2
       1
       2
       1
       1
       4
       1
       0
       0
       1
       3
       0
       1
       0
       0
       1
       0
       1
       2
       1
       0
       1
       0
       0
       1
       1
       1
       0
       1
       0
       0
       1
       0
       2
       1
       0
       0
       0
       0
       1
       0
       1
       0
       1
       0
       0
       0
       1
       0
       0
       0
       0
       0
       2
       0
       0
       0
       2
       1
       1
       0
       0
       2
       0
       0
       1
       0
       0
       0
       1
       0
       0
       0
       0
       0
       0
       0
       2
       1
       0
       3
       2
       4
       1
       2
       0
       2
       4
       0
       0
       2
       0
       1
       3
       0
       0
       4
       4
       1
       3
       1
       1
       1
       2
       1
       0
       2
       2
       1
       2
       0
       2
       1
       2
       3
       2
       0
       1
       1
       1
       0
       0
       1
       1
       0
       0
       0
       0
       0
       0
       1
       0
       1
       0
       0
       0
       0
       0
       0
       0
       0
       0
       0
       0
       0
       0
       0
       0
       0
       0
       0
       0
       0
       0
       0
       0
       1
       0
       0
       0
       0
       0
       0
       0
       0
       0
       0
       0
       0
       0
       0
       0
       0
       0
       0
       0
       0
       0
       0
       0
       0
       0
       0
       0
       0
       0
       0
       0
       0
       1
       0
       0
       0
       0
       0
       0
       0
       0
       0
       0
       0
       0
       0
       0
       1
       0
       0
       0
       0
       0
       0
       0
       0
       0
       0
       0
       0
       0
       0
       0
       0
       0
       0
       0
       0
       0
       0
       0
       0
       0
       0
       0
       0
       0
       0
       0
       0
       0
       0
       0
       0
       0
       0
       0
       0
       0
       0
       0
       0
       0
       0
       0
       0
       0
       0
       0
       0
       0
       0
       0
       0
       0
       0
       0
       0
       0
       0
       0
       0
       0
       0
       0
       0
       0
       0
       0
       0
       0
       0
       0
       0
       0
       0
       0
       0
       0
       0
       0
       0
       0
       0
       0
       0
       0
       0
       0
       0
       0
       0
       0
       0
       0
       0
       0
       0
       0
       0
       0
       0
$ROI:
1
195 229
$PRESETS:
Live Time
2000
0
$ENER_FIT:
-26.163389 3.233024
$MCA_CAL:
3
-2.616339E+001 3.233024E+000 0.000000E+000 keV
$SHAPE_CAL:
3
7.928067E+000 2.986555E-002 0.000000E+000
